EXEMPLE DATE DE INTRARE PENTRU NESATISFIABILITATE:

--------------------------------------------------

p cnf 5 50
1 2 3 0
-1 2 3 0
1 -2 3 0
1 2 -3 0
-1 -2 3 0
-1 2 -3 0
1 -2 -3 0
-1 -2 -3 0
1 4 5 0
-1 4 5 0
1 -4 5 0
1 4 -5 0
-1 -4 5 0
-1 4 -5 0
1 -4 -5 0
-1 -4 -5 0
2 3 4 0
-2 3 4 0
2 -3 4 0
2 3 -4 0
-2 -3 4 0
-2 3 -4 0
2 -3 -4 0
-2 -3 -4 0
3 4 5 0
-3 4 5 0
3 -4 5 0
3 4 -5 0
-3 -4 5 0
-3 4 -5 0
3 -4 -5 0
-3 -4 -5 0
1 2 5 0
-1 2 5 0
1 -2 5 0
1 2 -5 0
-1 -2 5 0
-1 2 -5 0
1 -2 -5 0
-1 -2 -5 0
2 4 5 0
-2 4 5 0
2 -4 5 0
2 4 -5 0
-2 -4 5 0
-2 4 -5 0
2 -4 -5 0
-2 -4 -5 0
-1 -2 -3 -4 -5 0
1 2 3 4 5 0

--------------------------------------------------

c Nesatisfiable CNF with 5 variables and 75 clauses, no direct conflicts
p cnf 5 75
1 2 3 0
1 2 -3 0
1 -2 3 0
1 -2 -3 0
-1 2 3 0
-1 2 -3 0
-1 -2 3 0
-1 -2 -3 0
1 3 4 0
-1 3 4 0
1 -3 4 0
1 3 -4 0
2 4 5 0
-2 4 5 0
2 -4 5 0
2 4 -5 0
3 5 1 0
-3 5 1 0
3 -5 1 0
3 5 -1 0
4 1 2 0
-4 1 2 0
4 -1 2 0
4 1 -2 0
5 2 3 0
-5 2 3 0
5 -2 3 0
5 2 -3 0
1 4 5 0
-1 4 5 0
1 -4 5 0
1 4 -5 0
2 3 4 0
-2 3 4 0
2 -3 4 0
2 3 -4 0
3 1 5 0
-3 1 5 0
3 -1 5 0
3 1 -5 0
4 2 1 0
-4 2 1 0
4 -2 1 0
4 2 -1 0
5 3 2 0
-5 3 2 0
5 -3 2 0
5 3 -2 0
1 2 4 0
-1 2 4 0
1 -2 4 0
1 2 -4 0
2 3 5 0
-2 3 5 0
2 -3 5 0
2 3 -5 0
3 4 1 0
-3 4 1 0
3 -4 1 0
3 4 -1 0
4 5 2 0
-4 5 2 0
4 -5 2 0
4 5 -2 0
5 1 3 0
-5 1 3 0
5 -1 3 0
5 1 -3 0
1 2 3 0
2 3 4 0
3 4 5 0
1 -2 -3 0
-1 4 5 0
-2 -4 -5 0
-3 -1 -5 0

--------------------------------------------------

p cnf 10 20
1 2 3 0
4 5 6 0
7 8 9 0
-1 -4 0
-1 -7 0
-4 -7 0
-2 -5 0
-2 -8 0
-5 -8 0
-3 -6 0
-3 -9 0
-6 -9 0
10 -1 0
10 -2 0
10 -3 0
-10 -4 0
-10 -5 0
-10 -6 0
-10 -7 0
-10 -8 0

--------------------------------------------------

c This Formular is generated by mcnf
c
c    horn? no 
c    forced? no 
c    mixed sat? no 
c    clause length = 3 
c
p cnf 50  218 
 18 -8 29 0
-16 3 18 0
-36 -11 -30 0
-50 20 32 0
-6 9 35 0
42 -38 29 0
43 -15 10 0
-48 -47 1 0
-45 -16 33 0
38 42 22 0
-49 41 -34 0
12 17 35 0
22 -49 7 0
-10 -11 -39 0
-28 -36 -37 0
-13 -46 -41 0
21 -4 9 0
12 48 10 0
24 23 15 0
-8 -41 -43 0
-44 -2 -35 0
-27 18 31 0
47 35 6 0
-11 -27 41 0
-33 -47 -45 0
-16 36 -37 0
27 -46 2 0
15 -28 10 0
-38 46 -39 0
-33 -4 24 0
-12 -45 50 0
-32 -21 -15 0
8 42 24 0
30 -49 4 0
45 -9 28 0
-33 -47 -1 0
1 27 -16 0
-11 -17 -35 0
-42 -15 45 0
-19 -27 30 0
3 28 12 0
48 -11 -33 0
-6 37 -9 0
-37 13 -7 0
-2 26 16 0
46 -24 -38 0
-13 -24 -8 0
-36 -42 -21 0
-37 -19 3 0
-31 -50 35 0
-7 -26 29 0
-42 -45 29 0
33 25 -6 0
-45 -5 7 0
-7 28 -6 0
-48 31 -11 0
32 16 -37 0
-24 48 1 0
18 -46 23 0
-30 -50 48 0
-21 39 -2 0
24 47 42 0
-36 30 4 0
-5 28 -1 0
-47 32 -42 0
16 37 -22 0
-43 42 -34 0
-40 39 -20 0
-49 29 6 0
-41 -3 39 0
-16 -12 43 0
24 22 3 0
47 -45 43 0
45 -37 46 0
-9 26 5 0
-3 23 -13 0
5 -34 13 0
12 39 13 0
22 50 37 0
19 9 46 0
-24 8 -27 0
-28 7 21 0
8 -25 50 0
20 50 4 0
27 36 13 0
26 31 -25 0
39 -44 -32 0
-20 41 -10 0
49 -28 35 0
1 44 34 0
39 35 -11 0
-50 -42 -7 0
-24 7 47 0
-13 5 -48 0
-9 -20 -23 0
2 17 -19 0
11 23 21 0
-45 30 15 0
11 26 -24 0
38 33 -13 0
44 -27 -7 0
41 49 2 0
-18 12 -37 0
-2 12 -26 0
-19 7 32 0
-22 11 33 0
8 12 -20 0
16 40 -48 0
-2 -24 -11 0
26 -17 37 0
-14 -19 46 0
5 47 36 0
-29 -9 19 0
32 4 28 0
-34 20 -46 0
-4 -36 -13 0
-15 -37 45 0
-21 29 23 0
-6 -40 7 0
-42 31 -29 0
-36 24 31 0
-45 -37 -1 0
3 -6 -29 0
-28 -50 27 0
44 26 5 0
-17 -48 49 0
12 -40 -7 0
-12 31 -48 0
27 32 -42 0
-27 -10 1 0
6 -49 10 0
-24 8 43 0
23 31 1 0
11 -47 38 0
-28 26 -13 0
-40 12 -42 0
-3 39 46 0
17 41 46 0
23 21 13 0
-14 -1 -38 0
20 18 6 0
-50 20 -9 0
10 -32 -18 0
-21 49 -34 0
44 23 -35 0
40 -19 34 0
-1 6 -12 0
6 -2 -7 0
32 -20 34 0
-12 43 -29 0
24 2 -49 0
10 -4 40 0
11 5 12 0
-3 47 -31 0
43 -23 21 0
-41 -36 -50 0
-8 -42 -24 0
39 45 7 0
7 37 -45 0
41 40 8 0
-50 -10 -8 0
-5 -39 -14 0
-22 -24 -43 0
-36 40 35 0
17 49 41 0
-32 7 24 0
-30 -8 -9 0
-41 -13 -10 0
31 26 -33 0
17 -22 -39 0
-21 28 3 0
-14 46 23 0
29 16 19 0
42 -32 -44 0
-24 10 23 0
-1 -32 -21 0
-8 -44 -39 0
39 11 9 0
19 14 -46 0
46 44 -42 0
37 23 -29 0
32 25 20 0
14 -43 -12 0
-36 -18 46 0
14 -26 -10 0
-2 -30 5 0
6 -18 46 0
-26 2 -44 0
20 -8 -11 0
-31 3 16 0
-22 -9 39 0
-49 44 -42 0
-45 -44 31 0
-31 50 -11 0
-32 -46 2 0
-6 -7 17 0
19 -32 48 0
39 20 -10 0
-22 -37 38 0
-31 9 -48 0
40 12 7 0
-24 -4 9 0
-22 49 33 0
-12 43 10 0
25 -30 -10 0
46 47 31 0
13 27 -7 0
-45 32 -35 0
-50 34 9 0
2 34 30 0
3 16 2 0
-18 45 -12 0
33 37 10 0
43 7 -18 0
-22 44 -19 0
-31 -27 -42 0
-3 -40 8 0
-23 -31 38 0
%
0

--------------------------------------------------

c This Formular is generated by mcnf
c
c    horn? no 
c    forced? no 
c    mixed sat? no 
c    clause length = 3 
c
p cnf 75  325 
 69 -63 -22 0
58 -41 54 0
59 38 -6 0
13 -22 34 0
-62 32 55 0
-32 6 -2 0
27 68 -6 0
26 13 -36 0
-26 -46 11 0
-74 52 -36 0
-67 -62 -53 0
-33 -66 56 0
-37 -21 -23 0
-61 -3 28 0
75 -60 69 0
-8 30 -10 0
48 57 39 0
-38 -57 55 0
-43 39 34 0
13 -36 -5 0
-30 -3 72 0
-12 -35 1 0
-10 25 -2 0
-21 -52 -19 0
73 -60 14 0
-44 -20 -11 0
-61 -70 33 0
7 -56 -44 0
63 -66 31 0
-60 -42 -61 0
7 -13 -71 0
-16 39 49 0
67 -31 -75 0
-13 26 36 0
45 16 46 0
8 20 28 0
57 52 -45 0
-50 -16 -25 0
-20 63 -15 0
59 1 -61 0
-45 -39 -19 0
-3 -23 -32 0
-42 28 -71 0
-55 22 -33 0
41 59 64 0
-25 58 44 0
58 46 55 0
-71 -52 -30 0
43 75 32 0
2 -60 8 0
53 55 9 0
44 -17 3 0
58 42 -3 0
-11 71 -56 0
-61 -34 40 0
20 -40 -17 0
-60 -29 67 0
12 -34 4 0
-70 56 -28 0
-30 9 20 0
-32 -21 45 0
24 33 59 0
-53 -31 -70 0
-13 39 -21 0
-26 -44 -52 0
51 -69 -74 0
51 66 5 0
-70 -59 54 0
-29 52 -62 0
18 43 -70 0
63 -75 47 0
59 -32 -23 0
-12 -21 -24 0
29 -37 33 0
20 22 75 0
61 23 -5 0
-51 14 -4 0
-44 -42 -62 0
-39 -70 -9 0
29 17 -10 0
-34 -16 66 0
10 24 -35 0
-55 -66 -33 0
13 23 -69 0
9 47 8 0
-61 -34 53 0
73 8 -49 0
-24 -75 -62 0
55 67 -49 0
9 -58 47 0
-13 16 62 0
62 -21 -61 0
43 41 24 0
-62 5 52 0
71 -72 -63 0
35 71 -58 0
11 -29 55 0
73 -36 3 0
25 29 19 0
18 12 30 0
-2 68 5 0
53 -27 42 0
-68 55 -72 0
10 26 68 0
62 -44 -19 0
26 50 -45 0
42 -12 -13 0
-44 36 -49 0
-4 -41 75 0
4 -55 -70 0
-75 -22 -18 0
-30 18 62 0
36 70 66 0
-58 38 -62 0
8 -37 36 0
-46 58 53 0
39 56 -46 0
-56 -59 66 0
-68 51 62 0
-36 -41 -56 0
27 13 -22 0
33 -39 -29 0
-75 45 35 0
15 -10 3 0
21 24 -75 0
-40 -46 -55 0
-35 7 19 0
-40 -10 -53 0
27 15 -4 0
-64 36 16 0
31 -2 -6 0
66 22 -62 0
-18 -49 7 0
-65 75 20 0
61 18 71 0
-36 -37 34 0
21 -39 -43 0
4 -66 -26 0
16 -52 74 0
-71 30 -46 0
-23 67 -14 0
-2 -53 -25 0
-20 -63 -64 0
-45 -13 -27 0
-72 44 -26 0
19 -58 48 0
-18 40 -57 0
40 -28 29 0
3 43 40 0
-25 -8 56 0
31 68 73 0
-7 42 75 0
-29 -48 35 0
-9 3 75 0
-61 56 -18 0
-57 -61 59 0
14 -70 -48 0
-20 -12 29 0
11 -3 -31 0
-21 36 -42 0
29 59 -57 0
-19 -51 39 0
-47 -9 33 0
-28 73 30 0
44 -29 -42 0
-6 20 -27 0
-32 -50 39 0
-17 13 36 0
1 40 21 0
36 66 -58 0
-45 -7 69 0
60 25 -74 0
51 37 -52 0
-35 -12 -28 0
-10 3 -40 0
41 -50 -47 0
-58 -30 64 0
-22 -29 -46 0
61 -75 68 0
63 -65 -38 0
-68 -22 -16 0
-3 39 -16 0
-1 -42 -23 0
28 24 -62 0
56 -25 31 0
61 44 34 0
63 11 -53 0
72 -4 39 0
-6 3 -26 0
-34 5 -12 0
2 8 -32 0
49 -71 -50 0
-23 70 56 0
63 20 -34 0
1 46 61 0
1 -37 16 0
-72 -45 20 0
24 19 13 0
-35 68 -46 0
50 7 -29 0
-44 -20 25 0
8 50 -66 0
-45 -46 6 0
-8 10 2 0
-36 53 14 0
-53 56 3 0
-46 5 15 0
42 -72 6 0
31 -57 18 0
45 -36 -38 0
12 -29 49 0
-37 38 9 0
-53 1 32 0
74 -55 -60 0
40 -33 -4 0
-74 4 -5 0
-51 55 -34 0
-20 -8 70 0
-55 64 -73 0
7 -45 19 0
-63 45 14 0
65 -68 -11 0
17 -71 -49 0
29 27 -65 0
-2 -30 -8 0
19 54 -63 0
28 -21 75 0
-75 -36 -28 0
-73 -28 8 0
-59 62 49 0
-62 54 67 0
26 -41 21 0
-43 -70 14 0
-70 59 -74 0
42 -51 49 0
-55 8 68 0
2 59 -1 0
51 -21 -58 0
-12 -56 -67 0
32 35 -22 0
12 -3 64 0
36 -60 6 0
-5 -43 -53 0
-56 -71 30 0
-21 -19 -48 0
24 -63 -74 0
-35 -27 41 0
-72 -68 -1 0
-23 35 -56 0
-66 -28 61 0
35 19 24 0
-15 66 42 0
14 28 23 0
-74 25 -38 0
23 68 -72 0
-44 66 -11 0
-7 39 -33 0
3 -33 16 0
-27 45 -43 0
34 -47 -38 0
22 23 60 0
73 -22 -47 0
18 72 -23 0
52 48 -38 0
64 70 34 0
21 46 -36 0
-14 75 -72 0
-51 47 63 0
67 58 56 0
-17 66 12 0
63 -38 6 0
-74 -57 7 0
-61 17 8 0
56 7 -70 0
-54 52 62 0
26 14 40 0
-39 34 64 0
7 -15 -47 0
27 44 68 0
18 -59 5 0
-6 74 43 0
-53 -69 -38 0
-71 -45 -7 0
29 11 -39 0
-49 28 54 0
58 74 -52 0
-7 -21 18 0
43 30 16 0
-39 -24 50 0
34 29 -46 0
-20 64 -44 0
-51 -24 17 0
2 -39 -32 0
28 -12 -68 0
-20 -29 1 0
36 -59 69 0
75 30 35 0
-18 -24 -69 0
19 -69 -54 0
-58 16 -3 0
-64 -41 26 0
69 -44 -34 0
-58 -4 52 0
71 38 -73 0
-64 -50 48 0
36 -21 -40 0
-12 34 -3 0
-23 -22 62 0
18 70 69 0
61 65 -1 0
48 72 -1 0
-57 -26 -24 0
43 12 -64 0
-60 -28 -57 0
5 -28 46 0
-61 -33 3 0
52 27 43 0
43 -53 31 0
-65 -6 -74 0
-47 -1 27 0
38 -20 -36 0
75 16 -20 0
-43 3 -19 0
16 -74 -3 0
71 -13 -52 0
%
0

--------------------------------------------------

c This Formular is generated by mcnf
c
c    horn? no 
c    forced? no 
c    mixed sat? no 
c    clause length = 3 
c
p cnf 100  430 
 -46 90 77 0
-100 -61 -2 0
5 -95 79 0
-34 -56 -23 0
80 66 70 0
-82 54 -34 0
-77 28 33 0
36 -17 -7 0
-40 -90 -25 0
55 -59 -46 0
68 56 8 0
74 -91 -62 0
18 5 91 0
94 58 37 0
-98 74 -43 0
66 4 67 0
-9 -100 -46 0
-82 64 -89 0
-57 -48 -100 0
51 -37 40 0
-14 89 -40 0
-20 -15 77 0
30 -74 14 0
-100 30 71 0
97 57 -70 0
73 -18 43 0
-89 -18 -65 0
15 13 30 0
52 31 -22 0
-26 -93 -25 0
35 14 -22 0
35 -29 100 0
-24 21 -42 0
85 -53 -15 0
40 -81 -93 0
-37 92 -93 0
18 31 -98 0
-32 66 9 0
-66 4 -83 0
49 -57 52 0
13 -95 21 0
-68 95 -55 0
-54 44 -62 0
-93 -82 85 0
-46 -10 58 0
27 -64 -12 0
71 37 -85 0
-21 56 -40 0
63 -10 -37 0
48 30 -8 0
23 -55 34 0
-72 28 7 0
-17 84 -42 0
61 -11 34 0
-55 -26 -38 0
83 7 19 0
39 -80 -38 0
-49 -92 -50 0
88 -50 -62 0
-51 -12 83 0
85 -54 42 0
-14 -9 29 0
-17 -3 -96 0
-18 81 -36 0
37 53 -3 0
-54 26 -28 0
-44 -43 -6 0
-76 -11 -63 0
-57 -95 38 0
-84 11 91 0
-61 -83 -58 0
-86 -20 29 0
51 68 33 0
71 -96 -4 0
47 -71 89 0
70 18 -100 0
13 -92 -96 0
-64 33 -55 0
5 18 -89 0
-87 72 47 0
-93 78 22 0
-68 -17 19 0
51 22 -34 0
98 22 -87 0
-18 95 9 0
-85 -82 -34 0
44 -2 -81 0
-58 -81 -16 0
60 20 94 0
8 -67 11 0
-28 43 -95 0
24 -63 82 0
86 -27 22 0
-98 -49 -38 0
8 2 54 0
33 45 -55 0
-8 30 36 0
31 20 -52 0
19 -68 -7 0
18 -64 -48 0
-69 26 -14 0
-4 -62 23 0
-23 16 -58 0
-44 55 51 0
81 69 91 0
-85 75 -64 0
-85 -68 -73 0
-1 80 57 0
-18 70 -77 0
12 15 -51 0
53 -16 -74 0
67 -81 48 0
-39 58 91 0
28 50 76 0
86 30 -24 0
36 -84 -70 0
90 67 46 0
49 45 -62 0
46 -68 -44 0
-31 -58 90 0
-9 30 5 0
-43 -28 -72 0
-92 -14 -22 0
-47 99 -29 0
51 57 -40 0
-13 79 -67 0
33 46 42 0
-12 -25 40 0
12 -76 29 0
-51 46 85 0
52 -63 14 0
89 85 -77 0
-49 -17 -12 0
90 -93 -64 0
47 44 -5 0
-66 86 -17 0
-10 92 -53 0
-73 -70 -74 0
73 -48 47 0
-96 13 83 0
-54 -9 2 0
-39 -97 96 0
48 55 87 0
76 12 -93 0
61 44 71 0
-60 -97 23 0
-65 -6 -60 0
-44 -42 63 0
-40 92 -99 0
-23 84 28 0
-25 -24 -64 0
50 -96 -79 0
86 36 -8 0
-55 41 80 0
10 -25 2 0
79 -15 52 0
-16 -49 37 0
-60 -44 -65 0
55 -46 6 0
-53 8 33 0
83 -25 37 0
76 -83 84 0
41 38 -85 0
-71 -59 20 0
85 46 -26 0
-39 84 -96 0
-11 93 46 0
36 -46 -60 0
95 -22 23 0
-33 -83 -60 0
30 39 -44 0
87 25 -53 0
-54 -3 -14 0
-67 -75 99 0
-13 -56 73 0
100 94 77 0
11 32 89 0
97 -3 49 0
-87 42 77 0
-98 35 -5 0
-4 6 -53 0
16 -41 92 0
-51 -80 44 0
-1 -76 -60 0
27 58 17 0
90 32 -28 0
-3 27 -98 0
-35 -83 60 0
-96 -83 -25 0
-37 86 -41 0
76 7 100 0
-60 52 -38 0
-37 -81 51 0
-46 54 -15 0
-54 -46 -61 0
-63 -75 83 0
74 -37 83 0
79 30 -8 0
-62 72 20 0
51 -95 -75 0
-88 52 49 0
-2 -88 -62 0
12 77 85 0
86 68 83 0
35 95 19 0
84 -94 -59 0
57 66 -60 0
-73 -61 34 0
68 -66 -8 0
-74 5 -47 0
-99 98 47 0
-30 86 76 0
-47 77 -86 0
21 -1 32 0
79 25 8 0
77 -14 19 0
34 -100 33 0
35 13 -20 0
-36 -47 18 0
-42 21 27 0
-43 51 66 0
99 21 -45 0
-42 -44 92 0
-48 -95 -84 0
85 -99 1 0
59 -8 88 0
-36 -72 29 0
-60 -22 82 0
-90 -31 -36 0
-53 -80 -93 0
-91 -49 64 0
-87 -9 -16 0
49 -10 -35 0
-90 24 12 0
-15 -99 -98 0
59 38 -18 0
23 19 -64 0
92 -55 -61 0
3 45 -77 0
20 -21 -95 0
-71 -47 22 0
44 7 -50 0
58 -37 -11 0
72 -66 10 0
44 99 37 0
21 -86 -72 0
73 17 61 0
-78 -81 42 0
54 70 -64 0
-61 -48 17 0
-19 48 -13 0
-33 -39 29 0
33 43 -76 0
76 11 -49 0
19 -88 45 0
-76 -5 -55 0
-57 -98 -15 0
19 -86 -94 0
82 -70 22 0
-39 -85 -63 0
50 75 25 0
-96 -37 -15 0
-99 -75 -10 0
-67 -63 38 0
-7 -22 -18 0
-39 -45 62 0
-64 -79 37 0
-69 -58 -100 0
-46 17 43 0
17 -11 46 0
-22 -19 -86 0
84 45 48 0
46 -91 64 0
-25 -15 30 0
92 14 45 0
-79 -69 43 0
-34 -35 -69 0
87 1 -82 0
-64 70 -65 0
-27 -29 75 0
95 45 90 0
62 43 76 0
21 -11 -31 0
53 24 -46 0
-78 43 -12 0
-74 9 22 0
-5 7 -73 0
12 -57 -7 0
-19 12 90 0
-47 -6 -50 0
-35 -32 72 0
-87 -100 -24 0
-56 92 -16 0
29 53 87 0
-25 64 -20 0
37 57 9 0
25 -100 -4 0
7 -16 77 0
-98 7 -64 0
98 50 -44 0
95 -60 23 0
7 92 -35 0
-95 -47 -9 0
82 -67 93 0
-25 -49 -66 0
-34 -60 49 0
91 -70 8 0
20 75 -94 0
15 -27 -30 0
-24 -95 -29 0
78 -98 53 0
-43 -44 -86 0
-98 89 -40 0
-55 31 -12 0
-64 60 77 0
86 -27 -37 0
55 96 34 0
5 44 92 0
30 -90 -39 0
-23 38 -36 0
-40 -16 -12 0
-67 8 61 0
-4 -52 -51 0
4 -26 76 0
-18 -89 87 0
-39 27 -32 0
-15 -69 94 0
83 -72 -93 0
-19 70 -14 0
45 -30 -69 0
-48 -22 -83 0
-66 -87 55 0
-100 -45 -96 0
-81 -97 32 0
75 -36 -73 0
-98 -14 78 0
66 59 -36 0
44 17 43 0
1 -89 16 0
75 -58 42 0
-4 -98 22 0
-31 -44 -73 0
64 7 6 0
26 -45 -3 0
-48 -52 44 0
98 -3 40 0
35 -15 61 0
97 44 -30 0
16 75 -19 0
4 -63 46 0
91 -51 48 0
48 5 46 0
-31 7 70 0
-35 24 93 0
-48 -46 71 0
-39 84 74 0
-18 -61 -48 0
-89 -99 -66 0
-76 93 98 0
76 -94 -86 0
69 26 -62 0
87 -30 35 0
-93 81 -100 0
33 -14 -51 0
-70 58 -89 0
-33 72 2 0
69 1 43 0
6 -28 -16 0
64 18 68 0
-10 -18 7 0
-75 -5 -82 0
89 -68 97 0
-66 -77 59 0
35 -45 63 0
-51 -68 -28 0
67 40 4 0
45 5 71 0
72 -1 -19 0
76 16 45 0
-49 69 70 0
-75 93 -76 0
-82 86 96 0
95 98 32 0
-13 5 29 0
60 -91 14 0
65 42 -33 0
32 -2 -59 0
-57 -48 82 0
1 73 -15 0
-76 89 48 0
-29 83 -55 0
-35 -54 76 0
77 37 -59 0
-26 10 83 0
30 28 87 0
48 28 56 0
43 -3 6 0
-12 20 11 0
38 69 -57 0
61 -54 -23 0
48 20 96 0
33 71 48 0
-72 -17 -49 0
-30 24 -62 0
82 -4 39 0
-73 99 -30 0
-12 -33 29 0
90 42 50 0
-31 53 60 0
78 20 -7 0
-26 -97 -56 0
14 76 -89 0
76 -24 100 0
61 -93 75 0
24 -62 -33 0
88 -3 52 0
-100 72 91 0
47 89 49 0
69 -75 -2 0
-57 18 47 0
-45 -35 -26 0
11 -78 -55 0
-26 -13 -57 0
-84 -28 45 0
71 28 57 0
-41 -60 39 0
50 -67 -94 0
73 -94 72 0
99 51 58 0
81 7 -57 0
%
0

--------------------------------------------------

c This Formular is generated by mcnf
c
c    horn? no 
c    forced? no 
c    mixed sat? no 
c    clause length = 3 
c
p cnf 125  538 
 -89 36 -47 0
78 73 -70 0
125 81 42 0
6 -34 68 0
-50 -102 3 0
96 87 -98 0
88 -12 54 0
-27 -65 17 0
-2 106 -92 0
-90 70 46 0
30 125 -6 0
108 104 76 0
-98 -38 81 0
48 107 36 0
83 -16 125 0
48 12 29 0
-118 121 25 0
85 -5 73 0
94 41 -34 0
60 13 -100 0
-89 -65 -94 0
38 111 103 0
98 13 14 0
97 21 -48 0
-89 85 115 0
-21 -108 -70 0
-96 -13 -49 0
-83 -48 115 0
104 -64 -62 0
-3 -32 -47 0
-124 -115 48 0
6 75 -35 0
31 -106 -33 0
-61 -56 63 0
85 -84 38 0
-71 75 -122 0
15 -24 -50 0
-35 108 53 0
67 64 60 0
10 21 100 0
55 -97 1 0
-27 104 -42 0
-24 63 -101 0
81 -71 -41 0
32 85 122 0
58 -62 -119 0
-77 -16 -62 0
-112 -115 27 0
-66 22 101 0
-84 -69 9 0
-103 -9 -77 0
-54 19 81 0
-80 -124 -37 0
-12 27 125 0
37 91 106 0
62 -24 64 0
79 49 24 0
-80 -118 -34 0
-94 -110 21 0
-5 9 119 0
-41 116 64 0
110 -82 108 0
-44 70 -14 0
-71 -31 -98 0
-120 -4 79 0
-29 30 123 0
26 119 -83 0
29 -46 -18 0
30 69 -109 0
73 30 -111 0
34 47 3 0
-33 39 6 0
-63 -75 54 0
34 22 119 0
-125 -97 -58 0
-84 30 123 0
-98 -94 -50 0
111 -22 44 0
-90 11 -57 0
112 28 53 0
-121 96 79 0
3 30 -108 0
-22 118 -88 0
102 -121 -75 0
115 -65 6 0
91 -105 114 0
60 100 -74 0
-109 -48 -74 0
-10 -90 101 0
-62 113 -120 0
-84 120 83 0
-117 100 28 0
-22 -1 -103 0
76 81 56 0
-106 102 -42 0
79 -2 -66 0
-90 65 -80 0
47 -27 97 0
115 -72 124 0
99 -103 15 0
86 -31 59 0
-7 31 -73 0
58 -70 -104 0
-73 82 47 0
-110 -100 -22 0
-58 -77 -5 0
-124 -110 -102 0
24 4 69 0
103 106 -117 0
-68 36 -94 0
-63 -93 35 0
-13 83 -122 0
114 52 -70 0
-93 32 83 0
78 -123 -45 0
4 -24 49 0
50 -104 -91 0
113 81 -46 0
-36 -105 6 0
2 16 58 0
3 -65 43 0
59 -28 -111 0
17 -61 35 0
37 29 -26 0
103 -24 105 0
-54 -73 -105 0
-104 -57 109 0
-44 97 -118 0
124 -71 15 0
-114 90 61 0
-8 55 -79 0
69 -5 -8 0
-110 -13 -60 0
-89 -88 40 0
-15 -101 -117 0
81 76 -47 0
-111 7 76 0
81 43 57 0
-109 -108 24 0
101 72 42 0
7 90 80 0
27 -34 102 0
-101 9 -79 0
-100 -12 83 0
-48 -74 125 0
-123 7 104 0
-104 -74 39 0
102 69 14 0
-29 34 54 0
40 80 -100 0
54 -42 106 0
-38 98 -101 0
-81 -29 -12 0
-12 -112 104 0
-92 13 89 0
40 106 49 0
48 50 -16 0
-92 81 97 0
48 62 42 0
-36 94 -27 0
7 -75 -60 0
-99 17 -123 0
57 -6 79 0
-83 31 -66 0
14 -92 -36 0
120 98 -19 0
-2 5 -125 0
-47 50 -76 0
33 -64 -21 0
-46 86 -124 0
80 24 -88 0
11 53 -81 0
-8 89 -50 0
38 -71 21 0
22 -23 101 0
88 -64 -51 0
-1 -84 -30 0
81 101 -37 0
-87 97 -21 0
-123 -51 22 0
125 -34 69 0
28 85 -99 0
6 -120 -43 0
117 -87 -72 0
11 66 -27 0
-37 -39 -6 0
-121 117 -49 0
-37 -55 -84 0
54 -88 -45 0
102 110 -54 0
-101 53 -7 0
-72 -28 88 0
84 -33 67 0
125 40 -1 0
-31 17 -85 0
53 -121 29 0
-30 49 -89 0
-4 1 -119 0
-109 -42 19 0
84 -116 -75 0
18 3 -90 0
-107 -90 115 0
31 86 -34 0
3 -15 -118 0
81 -82 68 0
-125 17 -21 0
32 -44 47 0
-54 19 -89 0
39 -45 9 0
108 22 -88 0
-69 52 103 0
-46 -47 -84 0
95 -121 91 0
53 -121 -61 0
10 -15 -31 0
-4 117 94 0
-14 -54 92 0
75 -117 4 0
-60 -71 63 0
-63 107 71 0
85 46 3 0
62 27 64 0
-66 -82 52 0
80 24 72 0
74 82 -26 0
30 9 113 0
-42 124 28 0
-40 91 -116 0
93 114 -104 0
-83 80 108 0
3 -13 36 0
77 -73 -64 0
97 -64 90 0
-30 -87 23 0
26 48 -99 0
-56 24 -116 0
-4 -10 -13 0
41 -38 49 0
-49 -5 -109 0
-92 -98 125 0
43 36 -45 0
-98 -6 114 0
96 -113 -93 0
-41 73 -25 0
78 -118 -101 0
-61 8 41 0
67 -15 8 0
23 -74 -30 0
-83 -107 -44 0
83 -46 56 0
-55 -1 35 0
-114 -37 58 0
-58 111 93 0
-59 -110 -15 0
-42 -49 -29 0
124 36 93 0
77 -119 98 0
-29 48 -47 0
30 70 58 0
27 88 72 0
-23 -58 -89 0
53 42 -88 0
86 -80 1 0
81 106 80 0
-37 -52 89 0
37 -5 81 0
94 -48 88 0
9 34 94 0
-20 121 25 0
-100 47 -101 0
87 -68 -88 0
89 -37 -6 0
66 -101 112 0
-78 -4 23 0
26 77 -79 0
84 103 -51 0
4 109 -29 0
-88 101 -97 0
-101 -87 84 0
-31 -90 13 0
92 -49 6 0
10 -99 8 0
35 71 18 0
86 -120 114 0
-105 24 -17 0
20 -99 31 0
50 125 -100 0
-100 -74 28 0
19 -40 42 0
-60 64 -59 0
-57 -74 39 0
88 -23 -29 0
20 54 -16 0
94 -65 -9 0
-47 -6 -31 0
-45 -14 34 0
111 64 -29 0
-81 -20 -36 0
-65 36 -22 0
-41 -93 99 0
-30 -117 69 0
-70 -60 -108 0
-81 -30 -3 0
-74 65 105 0
63 -53 -120 0
92 -28 58 0
79 35 66 0
43 -89 44 0
-115 -28 -108 0
-121 -60 47 0
-56 -63 72 0
120 -51 -71 0
-75 -29 -42 0
37 64 24 0
13 29 80 0
104 74 -113 0
86 -57 -10 0
111 68 -24 0
24 -97 -36 0
68 -4 -96 0
74 -42 -62 0
22 -52 56 0
27 -70 115 0
22 121 -57 0
111 -16 -95 0
82 -120 20 0
-40 -13 -74 0
97 41 111 0
-43 8 -58 0
-99 35 85 0
26 125 -32 0
63 57 -4 0
-7 -99 15 0
-28 38 -34 0
-29 110 119 0
25 -78 36 0
48 -60 -111 0
26 -78 -87 0
-68 97 119 0
60 -85 116 0
-89 97 -120 0
54 75 -51 0
-27 -26 74 0
-70 -9 116 0
69 -45 -7 0
-101 62 -50 0
87 115 27 0
-9 55 -53 0
-101 112 -4 0
13 119 34 0
98 -27 68 0
100 -84 119 0
-28 105 -77 0
-75 38 106 0
-67 17 -24 0
106 8 -102 0
52 4 57 0
67 -32 -6 0
-12 62 -106 0
23 81 1 0
-121 -37 -44 0
71 11 -77 0
29 123 -113 0
-102 27 37 0
-67 -42 7 0
103 83 99 0
94 125 -69 0
-1 -29 122 0
-88 -40 39 0
50 63 99 0
-119 108 -18 0
-25 97 -72 0
-92 17 101 0
100 -93 -79 0
70 -16 13 0
-104 66 1 0
69 58 -101 0
87 -117 10 0
102 -55 -107 0
4 13 89 0
34 35 102 0
38 -99 -67 0
6 75 83 0
29 113 93 0
82 46 -48 0
80 96 12 0
65 43 16 0
98 -62 -79 0
93 -104 -78 0
94 -70 -41 0
119 -69 -74 0
-49 -65 120 0
68 -43 112 0
-111 -65 42 0
-58 -94 -99 0
76 -104 32 0
-102 -32 96 0
22 38 85 0
-71 -44 -122 0
-17 40 -90 0
-78 -89 52 0
-15 88 68 0
-27 -81 76 0
43 36 53 0
-35 39 -74 0
-73 -106 50 0
-35 -104 125 0
-15 -115 -90 0
18 15 27 0
-92 -75 -11 0
38 83 22 0
71 -25 -58 0
62 -102 -7 0
125 95 -27 0
-117 -111 -98 0
120 -46 92 0
102 -116 -83 0
-85 80 -81 0
111 1 -65 0
-101 -18 86 0
-18 95 94 0
-9 103 51 0
-41 -86 109 0
61 -58 16 0
101 -45 60 0
-111 -11 5 0
-14 -4 -108 0
-93 10 70 0
-91 -66 75 0
-22 -43 64 0
-116 90 68 0
-125 -58 66 0
92 90 45 0
53 -6 116 0
-21 -8 -99 0
-16 -79 -43 0
-20 72 18 0
121 20 103 0
-90 -109 23 0
-12 -6 -16 0
-64 -106 57 0
-67 84 76 0
-98 -39 -24 0
-94 -44 64 0
125 -11 55 0
118 60 -125 0
53 -107 -22 0
8 -38 104 0
111 -83 -101 0
99 -73 -109 0
47 81 -39 0
110 57 61 0
71 -67 39 0
-107 84 110 0
57 107 -6 0
20 -56 49 0
-13 -87 110 0
-74 -39 -112 0
-15 70 44 0
-58 -84 33 0
-31 -18 -98 0
-6 89 37 0
35 -110 43 0
105 -112 -76 0
-75 -44 61 0
-25 -12 78 0
-72 -96 117 0
112 121 -12 0
-34 121 -96 0
87 -94 -125 0
82 -101 -117 0
62 44 52 0
-81 13 8 0
76 75 20 0
3 21 -6 0
-108 125 57 0
-55 96 -73 0
119 -104 111 0
25 -22 102 0
-81 -71 -56 0
-44 55 99 0
-4 -83 103 0
49 57 106 0
61 -82 73 0
73 81 87 0
-102 86 -90 0
82 64 76 0
60 -64 70 0
92 -34 -84 0
56 19 -39 0
51 -123 -41 0
-8 -29 41 0
97 -23 -118 0
44 -29 -124 0
-84 124 -88 0
-78 -66 107 0
95 89 83 0
64 19 69 0
22 -103 -35 0
90 63 -101 0
36 12 57 0
72 -99 101 0
75 -47 -40 0
24 125 78 0
36 109 120 0
3 -72 -66 0
71 -35 45 0
-68 13 74 0
82 -53 -51 0
-90 21 -53 0
-13 -36 -35 0
-25 -39 -33 0
97 26 108 0
97 -90 64 0
92 87 -70 0
108 59 -13 0
15 -36 -20 0
-17 -76 5 0
-11 -93 -101 0
-123 -81 -61 0
46 -83 40 0
39 115 -87 0
37 54 18 0
53 63 -106 0
2 -10 51 0
-43 123 -108 0
-8 95 -73 0
36 -64 -38 0
68 31 28 0
-18 -61 49 0
-94 -39 125 0
-35 -3 24 0
91 8 -115 0
-92 4 124 0
-34 69 -118 0
-84 106 28 0
13 -92 -26 0
-88 39 -6 0
%
0

--------------------------------------------------

c This Formular is generated by mcnf
c
c    horn? no 
c    forced? no 
c    mixed sat? no 
c    clause length = 3 
c
p cnf 175  753 
 18 -96 -113 0
47 -134 125 0
168 130 81 0
-21 58 8 0
124 90 93 0
-34 -28 -173 0
121 135 106 0
-91 -21 -7 0
40 119 -150 0
-63 5 -82 0
58 47 119 0
-27 139 167 0
10 -126 -40 0
109 161 -81 0
-75 95 -143 0
72 132 28 0
47 -38 8 0
-58 4 -168 0
-60 128 -100 0
104 -110 -52 0
51 162 -83 0
-123 49 -132 0
-173 146 -130 0
104 -128 -101 0
159 -22 -70 0
161 143 -146 0
-163 -169 -22 0
71 -123 -79 0
-174 41 99 0
-60 52 -39 0
115 -73 -99 0
58 129 -139 0
-13 -145 -36 0
-62 -168 14 0
4 -153 133 0
-174 -47 117 0
67 -14 -37 0
-119 105 80 0
-128 82 -67 0
48 -72 136 0
-50 112 115 0
-74 -101 85 0
-45 75 -107 0
-23 -8 -34 0
73 21 -173 0
102 76 47 0
112 140 -6 0
-23 120 -37 0
-80 91 98 0
39 -77 -93 0
146 37 18 0
-99 13 -49 0
-65 56 -67 0
-17 89 51 0
-12 -65 132 0
47 -72 103 0
148 -12 18 0
144 -6 -107 0
170 124 29 0
101 74 119 0
124 -49 116 0
56 -86 -41 0
124 -75 -162 0
171 -105 -42 0
78 -75 3 0
66 -80 -53 0
35 11 75 0
58 33 81 0
138 -83 -120 0
-108 9 -170 0
-115 -97 -32 0
158 138 173 0
-64 -96 114 0
-160 -102 108 0
25 -38 48 0
146 89 -175 0
-164 -63 -64 0
67 -9 -23 0
-30 138 89 0
2 -93 57 0
-127 83 119 0
-53 73 87 0
44 -124 41 0
-53 158 -142 0
-122 142 42 0
122 161 16 0
126 -143 -68 0
-149 24 2 0
85 26 21 0
-152 -42 -48 0
-94 107 -135 0
116 -144 -125 0
-119 142 -132 0
175 154 -25 0
25 -161 141 0
-17 50 18 0
-150 -157 -163 0
-31 108 123 0
162 53 170 0
111 -98 -164 0
163 -11 170 0
25 136 17 0
-168 90 -114 0
-131 64 -45 0
-130 9 39 0
63 73 44 0
-93 -102 165 0
115 106 138 0
-45 -2 103 0
32 81 -11 0
-104 -87 168 0
-1 -62 -173 0
39 -111 41 0
-41 -34 87 0
-145 155 -120 0
76 -153 55 0
-139 -125 86 0
-72 -154 18 0
-24 -21 -41 0
-149 -134 143 0
-62 14 -170 0
140 45 69 0
-132 77 -163 0
156 -38 -164 0
-9 121 110 0
-170 100 -62 0
109 5 13 0
-11 -95 -174 0
-140 -147 -129 0
-170 -64 -41 0
-141 28 -150 0
63 -74 -130 0
76 -139 68 0
-39 89 -148 0
-98 68 155 0
51 -4 110 0
-142 21 77 0
-69 161 -168 0
-137 -98 -29 0
25 -12 170 0
86 25 -37 0
-24 -17 -16 0
-129 -7 -87 0
-62 104 -68 0
19 63 -169 0
47 -153 168 0
-78 -22 -60 0
-19 76 -4 0
-76 -84 -75 0
-125 18 175 0
87 -78 43 0
123 -64 63 0
5 -1 -85 0
154 -6 14 0
-166 99 31 0
-56 130 -140 0
140 -157 -13 0
-36 169 -170 0
51 156 106 0
-78 24 3 0
-171 -71 175 0
-85 -134 17 0
91 -22 -174 0
-10 17 155 0
20 -160 37 0
68 89 -121 0
-101 133 74 0
-123 145 81 0
120 -64 -100 0
23 130 149 0
112 136 146 0
105 142 159 0
-169 165 -123 0
-59 -108 58 0
96 134 157 0
94 -116 -165 0
-149 -50 -141 0
-174 90 150 0
-115 88 126 0
24 167 21 0
35 154 140 0
-24 -17 134 0
-149 -147 -144 0
-141 31 -86 0
-153 51 148 0
-22 -91 13 0
71 -139 72 0
83 101 -16 0
-50 -15 -138 0
-117 83 -41 0
-122 -102 -12 0
14 159 90 0
-130 -95 142 0
77 -20 -30 0
29 96 -43 0
166 -132 -49 0
129 105 -120 0
84 -144 51 0
-65 15 41 0
-54 -82 -116 0
-43 -141 -81 0
-54 -96 -100 0
130 -47 83 0
27 163 34 0
87 135 -169 0
152 99 110 0
-52 69 -173 0
-91 22 -9 0
18 -53 -93 0
-138 31 133 0
101 -34 -112 0
-113 -142 20 0
72 34 -108 0
-10 -49 -12 0
100 63 162 0
72 -119 -77 0
134 91 153 0
98 -111 -172 0
-12 -16 -141 0
-39 2 -83 0
-168 -139 28 0
-134 33 154 0
-1 -156 -166 0
-127 -170 -149 0
-13 147 -90 0
46 61 74 0
93 -19 -47 0
-126 -131 86 0
75 -78 -64 0
136 -8 143 0
161 148 -97 0
-74 139 -1 0
-51 -160 85 0
-31 175 -114 0
90 8 116 0
94 -44 16 0
-172 -1 25 0
127 -172 -43 0
73 163 143 0
120 172 22 0
-103 -148 123 0
4 -160 -50 0
-87 -107 -167 0
97 41 112 0
-79 172 14 0
-5 -159 41 0
2 -106 -13 0
47 -46 101 0
-162 -96 -110 0
-116 -64 158 0
22 -170 -23 0
-92 -124 55 0
98 47 59 0
92 -70 -154 0
-12 108 28 0
34 -83 -12 0
7 -62 82 0
-75 -89 128 0
-15 28 -106 0
-132 65 -29 0
1 -93 -173 0
145 156 31 0
132 116 110 0
120 88 -73 0
147 37 16 0
-91 22 -168 0
57 3 -123 0
109 -11 105 0
-88 -39 -90 0
-112 60 32 0
26 151 -74 0
-160 121 -109 0
96 142 -173 0
-28 97 130 0
-112 -19 -103 0
-22 170 139 0
-27 -172 149 0
-123 25 -148 0
-36 77 -78 0
-34 -131 -4 0
-125 121 -143 0
-117 67 152 0
98 -149 -105 0
-52 -128 55 0
-115 -153 -29 0
91 -64 -73 0
38 95 5 0
95 107 -4 0
2 53 -49 0
-130 121 145 0
111 154 -147 0
-122 -75 44 0
-156 9 -160 0
-81 -35 39 0
-121 46 166 0
-174 -141 32 0
-95 96 143 0
17 28 -65 0
163 92 131 0
72 167 -93 0
-116 81 87 0
41 -146 157 0
-65 -127 56 0
51 -116 159 0
-54 -39 -22 0
92 42 9 0
64 56 -31 0
-72 129 91 0
20 -134 -159 0
33 -19 -165 0
-157 80 -132 0
49 147 -27 0
44 -88 135 0
59 85 -162 0
-95 68 102 0
-130 136 -149 0
168 15 147 0
116 -117 105 0
78 -40 141 0
-2 -20 -82 0
-121 122 -99 0
39 -59 156 0
72 -71 -128 0
58 -48 147 0
-38 114 92 0
82 162 -32 0
-147 -120 -156 0
-138 27 -8 0
-23 -86 -26 0
-67 -146 -76 0
-68 171 104 0
21 -147 130 0
-113 -61 -112 0
-98 -173 -50 0
-86 59 129 0
102 111 39 0
-41 55 -11 0
80 -169 -171 0
156 -37 -144 0
-14 70 20 0
9 157 172 0
-87 53 -85 0
32 -127 136 0
-173 -124 -111 0
-102 -167 164 0
7 142 25 0
-34 100 -89 0
85 53 88 0
119 76 -4 0
-148 -144 137 0
-96 72 30 0
132 9 -155 0
159 -82 27 0
147 -62 85 0
-173 -72 -40 0
-139 80 -42 0
60 134 -135 0
154 17 71 0
-88 16 118 0
-64 -37 -117 0
-73 -135 6 0
65 13 -142 0
14 31 16 0
141 -124 -76 0
128 -10 -153 0
171 -11 108 0
-9 14 -73 0
-150 -52 154 0
-52 102 139 0
68 137 94 0
-18 27 -42 0
10 36 5 0
31 -161 94 0
-25 -28 -156 0
-72 -47 -127 0
22 108 9 0
54 -67 71 0
100 5 67 0
73 39 71 0
-43 97 98 0
-151 -109 121 0
-19 -50 70 0
170 32 49 0
105 -122 -101 0
-52 43 -49 0
-161 -12 69 0
110 -14 115 0
-48 -98 -78 0
159 -90 74 0
36 -141 -116 0
-44 100 -163 0
-3 -141 -173 0
163 -18 23 0
-17 98 97 0
-163 -42 -152 0
80 -170 16 0
51 110 -12 0
-148 -40 -174 0
-3 121 35 0
111 -22 83 0
3 -30 -29 0
65 149 -71 0
58 -170 -162 0
169 -168 36 0
-70 -28 92 0
12 -118 -72 0
1 -25 -142 0
19 159 -157 0
-96 34 140 0
-27 -133 84 0
160 -121 -141 0
50 161 126 0
-5 75 36 0
-133 -175 -109 0
154 -158 129 0
-86 -9 -52 0
17 155 -104 0
37 111 -16 0
156 -16 24 0
-56 129 149 0
28 -140 45 0
-57 -123 19 0
-141 17 166 0
-71 -20 -21 0
-115 -152 -121 0
-124 122 140 0
33 83 -18 0
-107 34 15 0
-103 84 -74 0
116 118 146 0
61 -154 11 0
-96 6 119 0
-112 164 45 0
5 -13 -142 0
73 -76 -88 0
-107 23 97 0
-153 144 -75 0
-107 -19 120 0
-34 150 42 0
145 -125 78 0
-175 99 -62 0
165 -18 -77 0
-20 44 -2 0
169 53 -120 0
-38 23 -122 0
155 -79 38 0
149 163 96 0
34 72 -78 0
-6 30 149 0
122 103 -49 0
7 22 32 0
123 37 19 0
-76 -121 141 0
75 -161 -31 0
-75 -57 23 0
-76 132 -88 0
-138 -124 -12 0
52 67 44 0
19 -120 -10 0
-145 67 -2 0
-57 90 83 0
-119 -160 33 0
-53 18 -91 0
-121 -53 80 0
74 71 -139 0
-27 -120 -68 0
19 -33 74 0
-74 -40 -57 0
124 82 144 0
100 110 140 0
-41 -37 147 0
-22 164 92 0
135 -113 119 0
107 50 162 0
-145 4 -132 0
-137 107 -3 0
167 -61 137 0
-162 -116 113 0
-10 -64 -89 0
-18 109 171 0
-116 -5 168 0
91 104 92 0
-53 -173 -13 0
-29 -111 -33 0
-110 -124 -105 0
-167 -38 -152 0
-16 71 108 0
-1 -24 -18 0
-20 62 137 0
117 -121 -2 0
77 -69 -152 0
128 172 -100 0
76 -47 -122 0
85 59 -128 0
-119 168 89 0
-113 -108 74 0
82 117 51 0
110 -93 -120 0
-166 -69 2 0
-87 59 46 0
5 116 -9 0
133 -112 -114 0
81 -52 49 0
-144 99 100 0
23 -129 -99 0
-144 133 43 0
149 169 -9 0
-43 -83 -3 0
123 77 35 0
88 -69 -30 0
-112 104 -116 0
51 -54 -146 0
10 -9 -55 0
-123 -48 -64 0
-59 7 -4 0
71 -129 -69 0
-163 159 -28 0
-105 52 -2 0
147 -11 148 0
-146 -52 -74 0
113 36 -45 0
155 -35 136 0
175 97 -55 0
101 52 -129 0
141 57 -173 0
-131 -144 174 0
-152 -129 79 0
-115 -134 168 0
112 -60 126 0
12 -98 -94 0
-147 93 145 0
69 -20 -93 0
-120 114 157 0
-50 -132 6 0
-126 -13 137 0
107 -67 4 0
91 52 -9 0
-2 8 154 0
-165 -37 40 0
54 -138 -44 0
120 -4 134 0
-111 -39 120 0
-116 98 -22 0
-128 -27 -138 0
-75 10 -51 0
73 -143 -166 0
59 98 -16 0
17 157 34 0
-141 28 98 0
17 95 63 0
56 -109 52 0
24 137 -40 0
44 159 9 0
-48 -88 3 0
168 27 119 0
-117 -173 -81 0
11 160 82 0
26 -55 -69 0
-115 -10 -40 0
174 154 -117 0
-155 60 -51 0
154 6 -76 0
-55 72 53 0
-29 43 45 0
145 6 15 0
-56 -25 -136 0
101 -145 163 0
162 -53 -76 0
-45 -169 152 0
-106 109 10 0
-22 76 79 0
-138 -108 40 0
130 -96 90 0
-139 -5 50 0
-119 -25 -123 0
7 -166 43 0
156 110 -157 0
-59 14 -11 0
29 -8 150 0
93 66 41 0
-25 52 -51 0
-91 134 -81 0
-169 33 -6 0
171 84 126 0
167 -96 -112 0
-39 138 51 0
-14 -164 33 0
-90 94 -84 0
72 -57 -69 0
-42 -121 -19 0
152 -17 -95 0
-101 120 157 0
-10 129 175 0
-79 -122 117 0
-71 -11 -18 0
-46 -140 -11 0
-133 92 -61 0
21 -60 -53 0
81 57 48 0
-94 99 27 0
-107 59 -154 0
-59 -157 -61 0
-43 -116 -170 0
22 42 30 0
-86 -158 -157 0
-127 -26 54 0
-76 -27 -59 0
72 -14 96 0
40 131 -97 0
-126 112 143 0
-102 -1 88 0
-58 -6 82 0
96 -39 -66 0
-72 145 -130 0
-155 -164 -91 0
-9 23 140 0
151 61 77 0
-109 -98 83 0
-174 11 158 0
108 -160 -9 0
-163 115 -127 0
-23 12 16 0
143 3 116 0
63 -1 66 0
65 60 -55 0
-3 71 -101 0
-85 -45 148 0
118 -111 45 0
113 -49 -47 0
-74 158 -59 0
114 59 37 0
-175 98 103 0
14 140 -8 0
-105 -137 -42 0
150 -39 -117 0
174 -105 57 0
93 -143 167 0
-93 128 154 0
-93 -115 -138 0
94 -64 -141 0
-34 -95 62 0
-159 47 -172 0
-164 160 64 0
-144 -2 -14 0
-34 -54 -168 0
132 123 -9 0
47 -20 10 0
155 -158 -62 0
-117 93 -147 0
59 162 -52 0
15 23 -149 0
79 121 -122 0
55 85 144 0
-97 -27 -41 0
5 120 -151 0
-77 -43 90 0
-13 4 -147 0
61 -131 -79 0
-115 57 -159 0
80 8 63 0
171 148 125 0
111 94 -55 0
-76 -114 86 0
-111 83 -103 0
-38 142 113 0
-8 -18 156 0
8 -38 156 0
-17 -19 -147 0
148 108 22 0
-6 -64 51 0
-127 -172 89 0
-170 137 -54 0
-8 -41 15 0
-94 116 -119 0
24 -21 34 0
146 90 -19 0
-76 -16 -110 0
-125 -173 -140 0
71 -81 94 0
-35 116 -98 0
-78 169 -139 0
-38 32 46 0
116 -20 -1 0
-56 68 -46 0
-39 114 -82 0
81 124 -155 0
156 -123 27 0
29 -54 68 0
169 -14 133 0
5 -26 150 0
72 -68 145 0
47 -92 -4 0
122 -147 -170 0
79 169 -142 0
72 -37 -155 0
67 20 -34 0
-91 118 62 0
35 -137 -151 0
-158 -54 144 0
78 161 -37 0
24 -98 5 0
-27 -49 18 0
93 2 -170 0
43 -14 -24 0
11 -39 -98 0
32 120 52 0
-112 -28 58 0
-163 -33 26 0
-128 -143 70 0
89 165 -70 0
140 -69 -111 0
25 -41 139 0
-106 -157 112 0
13 92 -5 0
114 -156 148 0
-174 -132 78 0
46 172 47 0
89 -9 -23 0
63 152 -78 0
52 173 -126 0
-34 -4 74 0
-118 -159 -42 0
31 -82 -129 0
-40 171 -70 0
87 -115 -126 0
156 -173 135 0
-100 52 57 0
86 -72 132 0
132 -165 -60 0
-156 18 63 0
63 -36 -25 0
-95 -14 10 0
-27 -65 124 0
-47 61 -63 0
-55 -68 12 0
-145 61 103 0
-127 -3 31 0
-13 -6 75 0
-35 -36 -64 0
-90 -21 44 0
-168 -107 104 0
-113 53 -14 0
153 -27 -175 0
-56 -23 -120 0
-34 -10 139 0
128 79 -109 0
-161 57 -134 0
-106 98 -126 0
-39 108 -136 0
79 85 -134 0
-47 172 10 0
101 -30 -71 0
-11 89 -65 0
%
0


