EXEMPLE DATE DE INTRARE PENTRU SATISFIABILITATE:

--------------------------------------------------

p cnf 5 15
1 2 0
-1 3 0
-2 3 0
2 -3 0
3 4 0
-3 5 0
-4 -5 0
1 -4 0
2 5 0
-1 -2 0
-1 -5 0
4 5 0
1 3 -4 0
-2 -3 5 0
-1 2 -5 0

--------------------------------------------------

p cnf 10 20
1 2 3 0
-1 -2 0
-1 -3 0
-2 -3 0
4 5 0
-4 -5 0
1 4 -6 0
-1 -4 6 0
2 -5 6 0
-2 5 -6 0
3 6 -7 0
-3 -6 7 0
7 8 0
-7 -8 0
8 9 -10 0
-8 -9 10 0
9 -10 1 0
-9 10 -1 0
1 -4 -7 0
-1 4 7 0

--------------------------------------------------

c This Formular is generated by mcnf
c
c    horn? no 
c    forced? no 
c    mixed sat? no 
c    clause length = 3 
c
p cnf 20  91 
 4 -18 19 0
3 18 -5 0
-5 -8 -15 0
-20 7 -16 0
10 -13 -7 0
-12 -9 17 0
17 19 5 0
-16 9 15 0
11 -5 -14 0
18 -10 13 0
-3 11 12 0
-6 -17 -8 0
-18 14 1 0
-19 -15 10 0
12 18 -19 0
-8 4 7 0
-8 -9 4 0
7 17 -15 0
12 -7 -14 0
-10 -11 8 0
2 -15 -11 0
9 6 1 0
-11 20 -17 0
9 -15 13 0
12 -7 -17 0
-18 -2 20 0
20 12 4 0
19 11 14 0
-16 18 -4 0
-1 -17 -19 0
-13 15 10 0
-12 -14 -13 0
12 -14 -7 0
-7 16 10 0
6 10 7 0
20 14 -16 0
-19 17 11 0
-7 1 -20 0
-5 12 15 0
-4 -9 -13 0
12 -11 -7 0
-5 19 -8 0
1 16 17 0
20 -14 -15 0
13 -4 10 0
14 7 10 0
-5 9 20 0
10 1 -19 0
-16 -15 -1 0
16 3 -11 0
-15 -10 4 0
4 -15 -3 0
-10 -16 11 0
-8 12 -5 0
14 -6 12 0
1 6 11 0
-13 -5 -1 0
-7 -2 12 0
1 -20 19 0
-2 -13 -8 0
15 18 4 0
-11 14 9 0
-6 -15 -2 0
5 -12 -15 0
-6 17 5 0
-13 5 -19 0
20 -1 14 0
9 -17 15 0
-5 19 -18 0
-12 8 -10 0
-18 14 -4 0
15 -9 13 0
9 -5 -1 0
10 -19 -14 0
20 9 4 0
-9 -2 19 0
-5 13 -17 0
2 -10 -18 0
-18 3 11 0
7 -9 17 0
-15 -6 -3 0
-2 3 -13 0
12 3 -2 0
-2 -3 17 0
20 -15 -16 0
-5 -17 -19 0
-20 -18 11 0
-9 1 -5 0
-19 9 17 0
12 -2 17 0
4 -16 -5 0
%
0

--------------------------------------------------

c This Formular is generated by mcnf
c
c    horn? no 
c    forced? no 
c    mixed sat? no 
c    clause length = 3 
c
p cnf 50  218 
 -3 36 7 0
-3 -42 -48 0
-49 -47 -41 0
8 -40 17 0
-21 -31 -39 0
36 -22 49 0
27 38 14 0
15 -18 6 0
6 7 -43 0
34 -7 23 0
2 14 -13 0
2 47 -42 0
-33 -35 3 0
44 40 49 0
50 36 31 0
-36 -3 -37 0
26 -29 43 0
15 29 -45 0
24 -11 18 0
-47 -26 6 0
-50 -33 -10 0
32 6 16 0
-34 37 41 0
7 -28 -17 0
-44 46 19 0
7 22 -48 0
3 39 34 0
31 46 -43 0
-27 32 23 0
37 -50 -18 0
20 5 11 0
-45 -24 6 0
-34 -23 -14 0
-22 21 20 0
-17 50 24 0
-25 -24 -27 0
3 35 21 0
-26 47 -36 0
-28 -45 49 0
-21 -6 12 0
-17 -15 -39 0
41 2 -14 0
25 36 -23 0
-39 -3 -40 0
50 20 35 0
27 31 -39 0
45 -15 -40 0
34 50 35 0
-1 -48 12 0
18 -35 -30 0
27 -24 -25 0
-4 -33 -12 0
-43 -24 -37 0
-37 31 -44 0
-9 -38 14 0
33 -16 34 0
4 -35 -5 0
-3 -21 -19 0
-35 -36 -29 0
7 -43 36 0
30 14 41 0
-35 -24 -7 0
35 -42 6 0
-1 -15 39 0
27 49 -16 0
-37 49 -10 0
50 -46 -3 0
-41 20 34 0
-1 23 28 0
-12 -30 -20 0
-24 29 -37 0
12 5 -44 0
-6 -2 48 0
-2 -49 -43 0
1 -50 24 0
-7 -50 -44 0
-41 43 4 0
13 15 -11 0
-3 -11 23 0
33 48 41 0
9 23 -49 0
-43 47 1 0
-40 16 -29 0
30 19 3 0
19 -34 48 0
-16 -44 14 0
38 -45 -12 0
-4 -14 -31 0
-48 35 -1 0
45 -13 19 0
9 42 -7 0
-1 -15 8 0
-13 -44 -14 0
-43 -37 -31 0
-27 -29 47 0
7 4 17 0
7 10 35 0
-25 20 17 0
35 -5 -42 0
-50 24 -5 0
-21 -26 2 0
-8 45 -21 0
-16 33 49 0
-38 6 16 0
5 21 37 0
8 38 31 0
-21 33 14 0
20 40 -5 0
-29 -9 31 0
-7 42 -22 0
-48 8 26 0
48 -38 33 0
-34 49 46 0
-14 -46 25 0
-46 4 18 0
36 -12 -31 0
12 -18 14 0
-7 46 -16 0
9 -8 7 0
49 -42 -22 0
22 -15 38 0
34 -41 47 0
22 -26 32 0
-25 -45 -21 0
-26 32 -11 0
15 26 -25 0
-1 46 25 0
-14 -31 30 0
-9 -22 12 0
-18 26 -35 0
-16 -32 -21 0
31 -49 -21 0
11 9 41 0
-13 -30 19 0
-10 4 6 0
-4 3 -22 0
-25 -50 -18 0
-40 4 9 0
37 20 46 0
-27 22 -29 0
34 14 3 0
3 -31 20 0
-50 2 -26 0
17 -29 38 0
-49 12 -41 0
15 -35 -43 0
-22 -23 -49 0
-9 33 48 0
26 29 35 0
27 -50 37 0
-7 46 -43 0
-46 -37 -8 0
-40 36 -24 0
-44 46 15 0
-3 36 -16 0
-48 9 43 0
-25 -4 44 0
-22 37 -7 0
-31 -17 -22 0
-11 -48 17 0
23 34 -28 0
23 -48 -39 0
-37 -1 -23 0
-19 27 14 0
-22 33 -6 0
-6 -32 -26 0
18 -20 -46 0
43 22 27 0
-13 34 49 0
-35 -46 3 0
32 39 -43 0
6 -39 -9 0
27 39 -16 0
25 -17 -15 0
-43 27 34 0
-6 49 5 0
-38 11 14 0
40 -38 47 0
37 -14 17 0
39 29 36 0
-39 -28 1 0
-18 14 -16 0
-40 50 15 0
37 -42 18 0
-13 31 33 0
2 -42 33 0
8 -3 -22 0
1 23 -31 0
-20 -45 26 0
42 11 49 0
29 11 -43 0
-20 -21 30 0
23 45 -35 0
38 -30 -14 0
-9 48 -29 0
11 -18 -23 0
-41 -1 -29 0
5 41 26 0
44 -30 -7 0
38 -6 -41 0
46 48 -15 0
-18 -10 -47 0
38 46 -32 0
-32 46 12 0
31 40 14 0
-18 2 49 0
28 -38 27 0
-16 -21 14 0
-29 15 12 0
49 34 5 0
14 22 -12 0
30 33 20 0
-24 22 25 0
4 -48 -23 0
-30 -36 9 0
44 12 -35 0
38 3 -21 0
-11 33 49 0
%
0

--------------------------------------------------

c This Formular is generated by mcnf
c
c    horn? no 
c    forced? no 
c    mixed sat? no 
c    clause length = 3 
c
p cnf 75  325 
 42 22 15 0
73 -22 -24 0
50 -20 53 0
-66 49 -15 0
39 8 -74 0
66 72 -61 0
-32 -13 -8 0
44 -22 -1 0
-42 35 -20 0
-40 -42 57 0
-3 -52 7 0
-50 -14 34 0
-39 -37 -28 0
10 25 31 0
-3 45 -75 0
69 -10 39 0
-22 47 34 0
62 67 -64 0
-11 -39 72 0
-75 -70 -47 0
61 -47 -65 0
43 -70 -33 0
28 -37 53 0
-63 62 -46 0
62 28 33 0
13 12 57 0
64 4 -23 0
-7 -32 34 0
66 36 71 0
74 -7 51 0
41 -53 -15 0
-50 -44 -53 0
70 -72 -14 0
37 47 -23 0
56 -7 50 0
-34 4 -67 0
23 -1 15 0
-58 67 -2 0
58 56 29 0
49 69 43 0
36 59 10 0
74 -55 35 0
19 38 -24 0
2 17 24 0
66 70 -30 0
39 -53 48 0
4 51 -42 0
-36 68 -22 0
57 -43 -13 0
1 59 -4 0
-73 -53 22 0
53 62 68 0
-18 40 -16 0
-29 2 -10 0
15 -13 -57 0
1 45 34 0
40 68 4 0
-55 -29 -47 0
-37 -21 68 0
44 2 -17 0
-7 -20 -33 0
-57 -7 -40 0
-67 18 -4 0
31 50 17 0
-28 65 5 0
-34 -21 43 0
39 43 -16 0
-54 -19 72 0
-54 13 59 0
74 64 69 0
-28 66 71 0
20 56 -21 0
-2 26 71 0
37 -21 -64 0
31 44 -62 0
-62 -67 22 0
62 68 15 0
6 -17 -48 0
-6 -37 -1 0
-63 -24 26 0
-43 46 -19 0
-25 14 60 0
62 26 17 0
15 33 -53 0
73 -15 -70 0
-50 31 -24 0
-61 45 64 0
-45 70 -33 0
-4 -44 -17 0
27 56 -57 0
75 -53 1 0
-73 32 -66 0
69 46 70 0
11 36 -66 0
-70 -44 31 0
21 65 -12 0
43 -11 14 0
34 65 61 0
-50 -27 -54 0
-16 48 39 0
4 -45 17 0
74 -35 39 0
27 -26 -25 0
31 -28 -69 0
-4 -9 -20 0
70 -58 13 0
41 72 39 0
-39 -35 57 0
31 3 -63 0
71 -16 -65 0
-59 -53 27 0
-75 29 22 0
-69 -72 65 0
-11 -16 -39 0
-55 -34 -66 0
-13 32 26 0
65 -28 -43 0
40 59 -71 0
66 -45 72 0
-5 -22 -69 0
-44 -3 74 0
-9 -32 -53 0
-50 7 -26 0
27 -26 -30 0
-58 -60 18 0
18 25 -11 0
42 27 -10 0
62 52 58 0
73 -50 44 0
-23 55 -9 0
-49 -48 13 0
-37 -30 -58 0
23 -35 -37 0
-23 -45 34 0
16 -19 -10 0
13 33 -12 0
-56 53 29 0
-23 -47 37 0
44 -74 -54 0
-33 6 -68 0
7 -42 10 0
-18 47 4 0
49 32 -74 0
-20 -60 -49 0
-48 -20 -44 0
18 69 40 0
-52 30 1 0
8 -50 -42 0
55 5 43 0
67 50 36 0
-33 -31 73 0
37 -71 -29 0
24 46 -5 0
9 34 -31 0
-28 12 -36 0
22 -60 -28 0
-46 5 -65 0
-38 -45 -31 0
-30 -7 -20 0
47 -72 67 0
4 6 -3 0
25 -71 -52 0
75 -32 -42 0
16 28 47 0
16 -60 -12 0
26 70 2 0
-75 -50 21 0
48 64 -46 0
54 -35 72 0
-41 10 -69 0
-48 -43 54 0
74 -70 -54 0
34 18 -32 0
-48 11 10 0
-54 -2 14 0
32 -25 -73 0
-15 72 63 0
-37 -49 51 0
-43 -25 -17 0
-55 47 54 0
23 -50 -56 0
14 -1 -50 0
34 30 38 0
15 -65 40 0
-9 20 4 0
-19 -35 -72 0
53 -68 -58 0
-18 27 6 0
71 51 -18 0
-67 16 3 0
17 21 50 0
-71 73 22 0
28 42 -34 0
-18 -52 -4 0
43 75 64 0
-54 -24 52 0
-62 -40 -27 0
67 -32 8 0
12 -71 -61 0
-1 -15 -44 0
-67 30 69 0
50 -7 -2 0
-42 -36 -22 0
-59 72 -71 0
-14 12 57 0
28 68 62 0
-59 11 -14 0
-51 54 19 0
-72 -12 2 0
34 -69 25 0
48 4 -19 0
-41 -9 66 0
-37 -45 57 0
-61 38 21 0
75 64 -69 0
-50 51 -48 0
-48 51 -6 0
41 -66 44 0
32 48 -52 0
-17 -67 47 0
16 -46 -63 0
56 -31 -66 0
60 50 -33 0
39 -53 15 0
-68 -12 8 0
-54 68 49 0
26 -56 -60 0
-6 -59 -19 0
6 -29 17 0
-37 23 -45 0
54 -68 -22 0
-46 -49 35 0
67 32 -23 0
-36 52 3 0
-18 -57 38 0
-35 30 57 0
25 -71 -67 0
3 1 17 0
-69 74 6 0
-67 -75 58 0
-14 -15 -50 0
26 18 68 0
12 -31 -37 0
31 57 58 0
-58 -22 -1 0
60 14 -71 0
31 -34 7 0
60 63 -66 0
-6 47 -36 0
66 -12 30 0
25 43 48 0
-67 -39 27 0
-30 -65 -34 0
17 -4 28 0
-16 5 -9 0
59 -41 -24 0
-35 64 19 0
72 61 -7 0
70 -47 -54 0
-40 -12 -52 0
-30 -41 34 0
-34 31 -21 0
69 -13 -37 0
50 -37 39 0
-1 -24 47 0
46 27 -69 0
-35 38 21 0
-32 8 49 0
60 58 -54 0
59 -12 -62 0
-60 34 11 0
-43 -72 -54 0
-24 8 1 0
-15 61 67 0
31 68 14 0
1 -8 -35 0
27 28 -69 0
-72 39 -53 0
-6 -51 -39 0
74 -40 12 0
17 -71 -48 0
-54 8 38 0
55 -61 -52 0
-72 -3 -55 0
-39 15 65 0
70 -74 51 0
-1 62 -57 0
38 70 50 0
-73 -13 -15 0
30 -16 4 0
-23 64 -5 0
-17 -11 -46 0
63 -31 -50 0
-50 42 -4 0
-54 -48 -70 0
-63 15 -53 0
52 30 -74 0
-3 -16 -22 0
-43 26 -34 0
26 -68 25 0
-9 38 -32 0
-49 7 73 0
-38 31 41 0
52 50 -44 0
62 -46 51 0
-29 -75 63 0
29 34 -25 0
52 43 9 0
35 4 66 0
61 75 -57 0
-62 40 46 0
68 54 -64 0
69 -58 -37 0
18 34 67 0
20 -22 5 0
47 45 55 0
48 12 -58 0
-31 22 -45 0
-55 -42 -4 0
-51 -69 -61 0
-70 -41 14 0
54 -31 -44 0
-25 22 -18 0
-39 -68 -8 0
-6 -15 -51 0
%
0

--------------------------------------------------

c This Formular is generated by mcnf
c
c    horn? no 
c    forced? no 
c    mixed sat? no 
c    clause length = 3 
c
p cnf 100  430 
 26 -99 7 0
-90 84 -94 0
74 -99 -7 0
31 5 61 0
29 16 -10 0
9 -41 -98 0
30 46 -43 0
-78 -5 67 0
85 -82 22 0
-69 26 -57 0
-77 -40 -12 0
-34 85 13 0
43 -86 -49 0
26 -54 -82 0
88 67 4 0
16 -21 75 0
95 29 14 0
-51 -47 -8 0
-99 80 31 0
-58 -14 97 0
-97 75 -62 0
100 97 -86 0
36 -54 -35 0
-20 52 -70 0
-80 -89 -10 0
-17 47 42 0
35 17 40 0
9 66 97 0
33 -28 1 0
99 58 -21 0
76 51 18 0
62 -63 -51 0
44 91 -47 0
-89 -67 -82 0
22 -67 -18 0
14 -51 1 0
65 29 -92 0
97 73 -65 0
-97 -1 64 0
-39 -12 -100 0
7 -67 -24 0
37 -62 20 0
-2 73 22 0
64 -13 34 0
-61 -30 -34 0
-33 -92 -54 0
-48 -36 -13 0
17 66 -62 0
71 96 -89 0
-27 84 -9 0
48 75 -86 0
-52 79 -21 0
53 -63 -50 0
-90 -70 78 0
-58 -99 84 0
60 6 1 0
29 59 -11 0
-34 -75 19 0
65 -78 -88 0
43 -13 60 0
-53 -38 25 0
-86 -12 90 0
-53 -94 -88 0
-90 -42 54 0
-38 -26 22 0
16 -5 39 0
-71 43 -33 0
-74 -92 -87 0
-36 53 -4 0
98 -68 -13 0
-20 81 69 0
79 -91 69 0
-3 -25 -99 0
-52 21 15 0
-43 7 -12 0
-20 45 -57 0
-15 -81 68 0
-91 -94 43 0
-52 -34 -48 0
10 -31 -62 0
-99 -6 32 0
-33 -9 14 0
-18 -83 -98 0
88 -23 13 0
-91 99 32 0
-40 -19 23 0
4 7 25 0
21 -25 -98 0
97 73 -92 0
10 98 -79 0
-59 -89 -18 0
96 -63 100 0
36 100 30 0
-3 14 -87 0
-76 -33 91 0
-53 33 -30 0
-63 8 51 0
-68 -64 29 0
-12 -1 -60 0
-92 70 -16 0
-23 77 22 0
-40 -10 -42 0
19 39 33 0
-94 48 31 0
35 37 95 0
-40 -42 95 0
94 33 51 0
4 -42 -61 0
-67 83 -44 0
22 70 25 0
35 59 -85 0
70 13 11 0
42 -51 -76 0
99 -54 -48 0
-31 -72 -52 0
-99 -23 30 0
-61 21 62 0
-5 -82 59 0
-46 83 99 0
74 55 21 0
97 -8 -32 0
76 51 3 0
45 28 25 0
49 53 91 0
97 19 -70 0
-27 -41 -86 0
40 -43 27 0
86 24 -77 0
18 75 -37 0
-24 18 100 0
-71 62 -85 0
-33 60 -94 0
-9 -87 97 0
69 15 98 0
-86 47 -38 0
30 -10 -34 0
-65 -99 13 0
32 -66 -1 0
51 19 13 0
67 -10 83 0
77 24 -31 0
-64 -2 -95 0
-90 92 -17 0
-88 70 86 0
36 -84 19 0
-39 -65 -37 0
-65 39 76 0
10 -3 27 0
-94 -81 15 0
89 16 7 0
71 69 56 0
-4 -82 6 0
-73 -98 68 0
-93 -72 -29 0
-61 -68 -77 0
87 71 -49 0
-72 -14 -73 0
-19 49 -66 0
100 41 -28 0
-89 74 47 0
-46 -27 17 0
85 41 58 0
37 65 92 0
-23 -52 -75 0
40 -38 100 0
50 -5 -63 0
-29 15 30 0
12 -70 11 0
50 -15 74 0
-79 6 -76 0
-25 60 59 0
76 32 -48 0
-52 30 51 0
-84 82 58 0
-95 -86 29 0
-24 -89 98 0
-15 -51 33 0
-44 -7 79 0
-36 52 -93 0
17 -3 85 0
-83 -96 36 0
81 -93 62 0
63 -98 -24 0
52 27 -44 0
44 -37 54 0
76 63 -21 0
-22 23 91 0
100 99 43 0
-16 92 -61 0
-10 79 -18 0
88 -81 61 0
-6 -14 -26 0
-41 96 -60 0
-17 -36 90 0
-58 -5 4 0
73 -56 -91 0
-36 -70 -95 0
-22 -6 87 0
-80 -6 42 0
95 41 99 0
88 63 -98 0
56 -95 -75 0
38 -66 -53 0
-98 61 1 0
-61 -84 -78 0
-67 88 -48 0
44 -63 69 0
84 16 94 0
-95 -31 -10 0
33 58 37 0
95 83 23 0
-15 92 -94 0
11 94 88 0
-53 25 52 0
-15 -53 7 0
87 -56 -6 0
40 -13 -45 0
-5 6 -48 0
-13 64 2 0
13 -40 74 0
42 -77 -91 0
-1 -26 -45 0
-63 2 46 0
67 -75 24 0
-44 40 -18 0
-5 -7 44 0
-53 -19 32 0
95 -40 29 0
-62 -61 15 0
30 -36 -54 0
100 -3 -90 0
75 7 -1 0
-33 98 18 0
1 -100 -73 0
-30 -14 -100 0
-67 60 -100 0
40 -77 -61 0
19 -16 -61 0
49 -77 -98 0
-86 22 -95 0
-84 72 15 0
-37 68 -94 0
60 -26 -91 0
19 11 44 0
-98 18 -57 0
-47 -86 -33 0
-78 5 29 0
47 -61 63 0
4 100 -35 0
82 14 -83 0
100 52 71 0
94 -91 44 0
59 8 -6 0
-45 -48 87 0
46 76 15 0
14 -73 85 0
-39 76 68 0
20 -44 19 0
-86 35 -92 0
10 4 9 0
52 -31 -2 0
60 -15 -62 0
-40 96 42 0
-64 -21 56 0
96 95 -59 0
86 42 -89 0
82 33 36 0
49 4 76 0
71 61 -68 0
76 -42 -53 0
22 -61 7 0
84 -64 -57 0
54 20 69 0
34 98 69 0
60 100 56 0
-77 -55 -91 0
-8 -47 36 0
-30 21 -28 0
-6 -83 -52 0
88 -44 75 0
-74 33 62 0
-37 -23 72 0
79 16 59 0
61 -20 -91 0
-87 81 -18 0
68 -97 5 0
54 -96 43 0
64 -47 -46 0
30 13 -78 0
95 -11 -52 0
-85 -38 71 0
-10 21 -27 0
83 10 -41 0
-87 -62 7 0
-35 -76 41 0
61 -72 49 0
-63 70 -37 0
84 5 93 0
-18 -85 -24 0
18 42 95 0
-64 -100 -55 0
58 -30 -7 0
-30 -56 81 0
-72 -5 -90 0
50 4 97 0
50 -71 -24 0
-74 -24 -12 0
69 -99 19 0
55 24 -10 0
-99 68 100 0
20 -61 77 0
26 39 66 0
1 88 -35 0
24 92 10 0
29 34 96 0
34 -48 68 0
53 -17 -71 0
-54 -55 77 0
-74 98 5 0
11 -59 73 0
-14 19 49 0
-14 -81 57 0
74 52 66 0
-63 -13 -37 0
6 25 -78 0
26 -30 -28 0
20 40 23 0
77 90 99 0
-90 42 75 0
62 -43 -66 0
19 -80 -6 0
13 6 4 0
-68 86 -31 0
-4 -1 2 0
-19 81 -84 0
77 16 66 0
-34 6 -33 0
36 1 -5 0
-6 -13 66 0
-2 89 85 0
45 23 35 0
-40 77 -41 0
46 -81 -56 0
-14 -89 81 0
-84 -73 -38 0
87 2 6 0
-56 51 -27 0
53 68 52 0
-76 32 -23 0
6 -94 66 0
28 -48 24 0
83 24 86 0
80 -73 -75 0
-66 56 24 0
82 -18 -28 0
-69 89 36 0
27 5 12 0
-94 -20 -25 0
-56 9 -79 0
85 -71 -6 0
-34 -94 -67 0
-60 -24 5 0
-67 -90 18 0
-83 45 -12 0
21 96 -25 0
-1 75 -77 0
-60 -90 -98 0
88 31 58 0
8 -4 92 0
-75 85 100 0
-82 -11 15 0
33 37 -35 0
-98 -88 28 0
-3 1 54 0
-98 -94 3 0
-37 75 24 0
96 -65 39 0
-28 92 27 0
-5 50 20 0
-76 41 33 0
91 74 100 0
-17 -21 -98 0
93 79 84 0
-39 -38 80 0
98 71 -63 0
-56 -39 -73 0
-87 70 -17 0
-76 17 -46 0
-90 76 17 0
-92 -31 82 0
54 -16 69 0
22 58 92 0
-7 -17 -33 0
31 65 -44 0
59 -25 -8 0
71 -32 -83 0
-62 79 -11 0
69 -24 68 0
70 -6 7 0
-91 -11 64 0
66 -21 74 0
2 -22 8 0
64 44 48 0
-73 15 -28 0
-19 20 91 0
-25 84 62 0
28 35 43 0
60 10 61 0
-31 -13 21 0
39 -10 -68 0
69 16 -31 0
-41 -35 95 0
36 91 -73 0
75 42 99 0
-71 43 15 0
-68 -50 -70 0
50 -4 -5 0
56 -15 77 0
6 -33 -48 0
-51 36 -23 0
66 3 -7 0
5 -51 -74 0
-96 -50 68 0
78 -83 59 0
5 37 -59 0
-84 69 -96 0
59 8 47 0
-85 -13 -91 0
78 -63 51 0
60 92 -73 0
%
0


--------------------------------------------------

c This Formular is generated by mcnf
c
c    horn? no 
c    forced? no 
c    mixed sat? no 
c    clause length = 3 
c
p cnf 125  538 
 -26 -105 118 0
-62 92 80 0
-65 -84 -25 0
-80 -37 -9 0
-91 -8 117 0
-59 98 -10 0
58 11 -26 0
-77 98 -5 0
-74 -5 22 0
20 -41 22 0
30 54 113 0
111 -107 44 0
-77 70 -30 0
-67 -119 84 0
-103 -95 -75 0
14 11 123 0
-34 35 29 0
10 -124 92 0
-119 -21 -6 0
111 -87 51 0
6 -100 -43 0
-50 -9 2 0
-101 96 47 0
-79 -2 22 0
-41 -65 92 0
124 5 27 0
9 57 -11 0
-59 111 -66 0
106 -7 77 0
-7 -95 99 0
97 -99 53 0
23 38 65 0
-92 -34 102 0
52 93 3 0
61 66 -2 0
-60 11 70 0
-42 -46 89 0
-17 -45 46 0
-44 100 -47 0
-32 99 81 0
-1 22 122 0
30 91 10 0
28 -89 -67 0
-64 -124 -49 0
64 -1 -55 0
-72 67 87 0
-115 -85 98 0
-21 123 106 0
-37 -81 59 0
-41 4 -29 0
-36 95 -37 0
-5 26 51 0
-119 46 18 0
-34 44 116 0
121 44 -60 0
120 50 -52 0
124 51 115 0
-70 -20 -60 0
-123 -28 -112 0
-43 116 34 0
-60 9 96 0
-76 -39 -68 0
80 -33 -115 0
-82 -118 11 0
-58 -23 121 0
-12 59 19 0
-125 121 98 0
37 15 -93 0
9 110 80 0
24 -110 -83 0
29 -88 16 0
-107 70 -57 0
-15 -48 6 0
70 -83 -19 0
85 1 57 0
124 -48 94 0
75 77 -108 0
123 46 -42 0
36 -97 73 0
1 -81 -49 0
64 120 -117 0
70 -84 -39 0
-45 -88 114 0
77 1 -113 0
-73 -56 65 0
65 -51 -57 0
17 -26 -24 0
-124 -123 76 0
-4 35 -41 0
101 7 26 0
102 -68 63 0
-98 -15 -45 0
111 69 -120 0
102 60 113 0
113 -28 52 0
-26 -45 -122 0
108 50 -9 0
25 -32 -22 0
-97 -70 -13 0
5 -74 92 0
-111 -113 79 0
-101 -60 80 0
-62 112 33 0
36 102 70 0
-113 -65 -105 0
-114 -106 55 0
98 63 66 0
-54 -108 14 0
86 102 122 0
62 -12 -122 0
109 79 98 0
-45 117 122 0
13 97 -26 0
46 19 -69 0
-98 111 -105 0
86 11 23 0
-118 -93 -35 0
32 -91 -51 0
-25 -37 2 0
60 51 -37 0
109 106 -74 0
-50 31 90 0
-39 -51 -8 0
-73 -7 -35 0
125 -35 39 0
100 -58 -39 0
45 -115 107 0
52 -113 51 0
-58 -24 41 0
-81 98 -49 0
-52 109 -55 0
41 -75 109 0
-22 -11 -45 0
106 -2 -20 0
-37 50 -90 0
83 -95 13 0
-100 63 115 0
-18 -32 -91 0
-71 -103 -106 0
-4 121 63 0
47 -8 -119 0
66 41 -44 0
-102 54 -97 0
28 90 -50 0
106 61 117 0
-79 71 -38 0
-54 -70 20 0
38 101 110 0
82 -70 93 0
-2 -58 -84 0
24 54 61 0
54 3 -59 0
-63 102 -99 0
28 88 -69 0
36 -97 51 0
-52 -124 88 0
-28 -53 22 0
76 -16 125 0
-25 116 104 0
-60 114 111 0
15 59 106 0
-29 -110 23 0
-65 79 45 0
-13 33 40 0
40 -116 -47 0
43 -92 -40 0
25 -122 82 0
92 51 99 0
-73 51 -48 0
-45 -69 94 0
-73 12 -14 0
84 -60 -103 0
60 -73 15 0
-48 31 103 0
73 63 76 0
-88 -102 -55 0
82 -48 24 0
24 22 77 0
-90 -102 -66 0
74 19 21 0
-68 -23 -26 0
-88 79 -36 0
-116 -37 -20 0
103 -39 -50 0
2 -53 -15 0
-71 20 -97 0
-85 -105 48 0
119 81 98 0
87 2 -85 0
7 -47 -117 0
-96 -15 -87 0
-35 -70 83 0
-18 -59 5 0
-36 33 -29 0
59 -51 -121 0
-118 -42 -79 0
59 -17 -9 0
-65 -117 -8 0
-96 16 113 0
-74 -69 82 0
-9 -111 69 0
26 124 68 0
-108 79 33 0
71 -118 30 0
89 66 -109 0
72 -18 89 0
66 5 27 0
-51 21 120 0
-96 82 9 0
40 102 -66 0
-1 -93 -89 0
49 -77 20 0
-108 10 -56 0
37 -103 -81 0
-76 -94 -23 0
-100 -83 66 0
-56 114 -88 0
-10 -29 -87 0
-13 5 -86 0
-50 -117 46 0
-46 65 118 0
-123 58 -47 0
-38 -17 -121 0
-108 95 69 0
113 -2 -67 0
-106 32 96 0
88 -92 75 0
-86 -116 39 0
67 -42 -97 0
-31 92 -108 0
75 -7 106 0
73 -60 -107 0
-65 68 71 0
-106 -94 60 0
59 -10 6 0
-116 -57 39 0
-112 -49 70 0
-49 -11 119 0
-12 94 -114 0
-110 104 -102 0
22 -10 -15 0
70 93 -40 0
66 -109 -121 0
-81 115 -78 0
37 46 -102 0
-96 -57 -7 0
101 -61 81 0
-125 -16 -121 0
-32 93 58 0
12 -74 33 0
-119 41 37 0
-80 92 -105 0
-93 58 -120 0
68 40 -64 0
-57 26 41 0
119 43 -66 0
54 -101 -64 0
28 38 -23 0
-69 -85 58 0
-1 124 -66 0
-84 -91 31 0
-43 89 66 0
-103 -70 82 0
119 -13 87 0
77 82 -59 0
108 -5 73 0
-16 -35 24 0
-1 -88 -83 0
81 84 -46 0
-83 122 40 0
-82 47 94 0
-111 75 -52 0
67 -22 109 0
108 -64 14 0
9 27 -51 0
69 83 15 0
-65 -39 -4 0
-100 -46 -85 0
13 -53 -6 0
80 90 -102 0
-98 -82 -61 0
42 58 27 0
-109 -24 -51 0
10 119 47 0
-90 -99 -93 0
-44 76 62 0
-92 104 113 0
124 -8 60 0
-44 -84 35 0
94 64 29 0
-41 48 82 0
31 -119 123 0
-55 110 -29 0
-30 78 63 0
119 -12 -99 0
-28 -112 26 0
4 120 46 0
24 67 17 0
-31 85 3 0
-4 17 57 0
-80 66 -115 0
-33 54 -73 0
111 79 -28 0
53 36 -43 0
100 -7 -84 0
34 -63 -24 0
77 -41 50 0
16 49 -38 0
-70 -90 -39 0
-99 64 5 0
-20 -123 62 0
15 -25 -88 0
-61 -44 11 0
23 61 45 0
-121 -2 88 0
-38 102 20 0
-13 -55 29 0
-74 -35 67 0
90 10 99 0
-34 27 -3 0
19 65 -62 0
-42 52 31 0
95 100 39 0
75 23 -36 0
50 66 -93 0
-12 -79 -59 0
-51 -34 24 0
-86 -74 -24 0
26 -59 105 0
-2 -32 77 0
89 96 -91 0
120 94 -116 0
-69 11 43 0
49 -36 -86 0
-39 -97 99 0
-3 30 -27 0
51 -47 -40 0
12 -9 -100 0
82 25 -20 0
-110 -92 87 0
15 84 -57 0
112 103 -30 0
-115 -31 -104 0
-74 -41 104 0
83 67 -123 0
71 -39 -38 0
110 -66 -67 0
-110 81 -116 0
43 -117 -116 0
53 -42 14 0
5 31 76 0
-7 17 96 0
34 -16 17 0
-99 22 52 0
37 96 53 0
89 -26 -43 0
69 76 -92 0
-101 -58 -14 0
-52 56 14 0
115 -56 27 0
-55 -69 74 0
47 -52 -93 0
10 66 50 0
16 -108 -61 0
-86 -75 -10 0
-36 46 59 0
-2 -64 92 0
86 -87 122 0
-16 125 -36 0
31 -115 71 0
-31 -13 108 0
-4 -124 65 0
27 -54 -102 0
-77 80 -87 0
108 -62 -105 0
-115 -8 -93 0
97 -100 88 0
52 -97 109 0
-115 72 2 0
66 -41 -95 0
-1 83 79 0
58 27 -25 0
76 114 67 0
-108 -7 110 0
-23 -106 111 0
68 -32 12 0
-94 114 87 0
-66 40 123 0
-108 63 65 0
-109 -42 111 0
27 -52 91 0
100 56 -41 0
-117 -111 6 0
-47 93 124 0
-117 43 60 0
36 -40 95 0
-54 -53 113 0
-61 -105 18 0
3 16 97 0
-20 -118 -74 0
-123 5 -125 0
24 60 -5 0
44 90 -97 0
66 34 -81 0
68 56 75 0
-102 -8 48 0
54 125 113 0
50 -55 106 0
88 -57 -45 0
-1 36 10 0
119 27 28 0
-95 -57 2 0
-99 40 67 0
90 -24 -115 0
-89 68 118 0
119 12 -70 0
-23 -5 25 0
79 -33 102 0
122 117 -24 0
-95 1 99 0
-62 -30 87 0
106 -105 39 0
41 -38 64 0
-52 -66 -24 0
56 -42 -82 0
46 47 -4 0
-41 -109 66 0
110 29 64 0
-81 97 75 0
61 103 62 0
-117 53 -93 0
82 100 -80 0
-48 -39 96 0
-120 42 113 0
89 -80 13 0
-72 89 40 0
41 106 90 0
-110 72 2 0
90 -75 5 0
122 50 -52 0
94 -110 18 0
-18 109 5 0
14 31 110 0
33 -90 93 0
77 119 112 0
-74 -109 118 0
-115 -10 -45 0
32 6 -121 0
35 -54 -86 0
65 43 -77 0
60 -118 -76 0
114 -73 -77 0
-124 -98 -74 0
115 -23 76 0
91 -31 -110 0
77 69 -26 0
117 100 -44 0
24 13 60 0
-7 24 52 0
-116 14 71 0
-50 -108 -90 0
-42 103 92 0
72 26 20 0
-35 49 -45 0
-1 -122 108 0
94 -20 -121 0
50 -11 -83 0
23 43 111 0
-63 82 -77 0
76 -44 79 0
-71 84 68 0
47 -66 49 0
-90 104 -62 0
102 -83 -66 0
-11 -16 28 0
-12 -19 -101 0
117 6 57 0
-59 100 116 0
104 -26 94 0
29 90 -49 0
73 65 -15 0
-40 11 -105 0
-110 89 -100 0
84 -39 -80 0
-32 82 38 0
-34 -74 49 0
-122 103 -2 0
77 -13 -80 0
-38 -76 -7 0
106 -110 -81 0
-52 104 38 0
-122 57 107 0
-115 101 22 0
37 65 89 0
-43 37 -26 0
-87 -106 75 0
-4 -77 -67 0
121 65 -66 0
-31 -46 -32 0
36 7 125 0
-32 -91 -35 0
116 -94 66 0
-22 -75 -81 0
-56 -122 -11 0
51 -26 -106 0
104 -118 74 0
-2 89 -8 0
84 43 36 0
4 60 -125 0
-113 -72 -16 0
76 -101 -96 0
-64 116 33 0
-32 17 -96 0
-70 -58 35 0
59 -3 75 0
102 -100 -22 0
64 78 123 0
-41 -27 -22 0
-52 -15 -32 0
54 19 -91 0
-54 21 64 0
41 -85 -104 0
-90 -9 -16 0
108 42 -112 0
-101 91 66 0
-22 30 -94 0
12 -10 -99 0
-14 -111 -103 0
-107 18 61 0
96 -20 -98 0
67 -8 11 0
30 116 71 0
-90 53 34 0
-17 34 -27 0
84 124 -101 0
37 101 -96 0
109 41 -66 0
103 -8 -33 0
%
0

--------------------------------------------------

c This Formular is generated by mcnf
c
c    horn? no 
c    forced? no 
c    mixed sat? no 
c    clause length = 3 
c
p cnf 175  753 
 145 -45 21 0
-22 132 -159 0
-100 -36 -112 0
154 -121 101 0
-72 -7 -47 0
14 -111 -44 0
90 -154 121 0
-42 -21 67 0
114 -117 137 0
-72 67 82 0
-118 -80 -158 0
-151 -28 94 0
127 -142 -36 0
-35 -59 -115 0
-71 -170 2 0
24 57 147 0
122 -18 113 0
-55 65 -4 0
89 -118 -8 0
-138 -9 100 0
33 9 -94 0
89 136 -154 0
64 -56 157 0
16 59 -7 0
128 -49 -53 0
46 -121 -9 0
-139 -96 123 0
-53 -152 22 0
-136 -5 93 0
-112 -140 -165 0
79 24 48 0
56 37 104 0
44 80 -1 0
152 -160 128 0
-107 79 -8 0
24 146 10 0
78 -113 -120 0
31 161 50 0
-154 -27 58 0
-149 -28 -105 0
-142 147 143 0
58 -120 138 0
148 157 -65 0
-97 -166 142 0
-5 69 91 0
107 -15 10 0
99 48 -172 0
141 23 -104 0
-146 -142 106 0
-1 126 -95 0
-129 167 -158 0
16 164 21 0
135 16 -93 0
-5 -17 104 0
137 129 175 0
24 -173 -51 0
155 -153 -105 0
-71 125 170 0
127 -18 57 0
-105 -89 139 0
163 -168 -5 0
-154 -119 83 0
50 -57 -39 0
87 -154 -45 0
-128 -127 79 0
-90 -138 104 0
67 -48 165 0
-95 -37 108 0
-123 18 -8 0
142 -9 122 0
111 -20 -43 0
-122 174 -19 0
-162 -138 -35 0
-123 42 158 0
126 1 -48 0
152 156 -172 0
166 142 -103 0
7 -64 108 0
-6 106 -69 0
27 11 -104 0
52 60 -129 0
152 69 115 0
-50 -84 81 0
9 -130 169 0
-6 145 -66 0
82 -95 -33 0
-9 119 5 0
139 73 -165 0
-108 -63 69 0
156 146 157 0
20 161 119 0
-163 -29 30 0
74 -116 126 0
3 92 68 0
83 174 3 0
89 -64 66 0
-119 -103 -115 0
-27 168 32 0
157 -58 -108 0
81 -37 -124 0
164 14 -56 0
142 -164 98 0
173 -164 10 0
-45 122 -153 0
-76 112 52 0
147 -50 -100 0
168 85 18 0
-71 35 -44 0
-145 -122 -55 0
-49 -17 -66 0
144 -147 152 0
164 167 156 0
41 136 63 0
18 -30 -9 0
-28 -25 -142 0
-21 -93 -114 0
69 -149 -104 0
-77 -21 129 0
26 124 44 0
-160 -49 -43 0
93 -163 85 0
143 -53 44 0
64 -5 -45 0
32 169 -99 0
-94 -13 -169 0
129 57 -124 0
-108 -55 -161 0
1 13 92 0
-21 -62 54 0
64 54 96 0
-18 143 116 0
74 -114 82 0
147 -91 45 0
124 -157 -136 0
84 165 -150 0
63 66 -133 0
-31 -105 -77 0
144 135 83 0
87 -146 -25 0
-144 57 -116 0
108 -123 53 0
-28 -157 13 0
96 63 -135 0
46 162 -129 0
-21 -3 158 0
124 -53 -166 0
-84 146 98 0
97 -170 -80 0
-39 -44 -141 0
93 -135 -2 0
-118 44 -1 0
-49 129 -89 0
164 146 -158 0
46 67 -24 0
11 152 97 0
-135 -169 -61 0
-78 -150 -58 0
-154 109 -78 0
-117 47 172 0
102 69 32 0
-40 42 77 0
29 80 -152 0
-18 50 30 0
26 -128 -77 0
-77 20 -29 0
-17 83 -152 0
95 -36 -58 0
168 140 3 0
-53 -86 142 0
-90 -10 -80 0
54 135 30 0
9 147 71 0
19 35 157 0
35 110 128 0
-61 -153 70 0
-87 150 148 0
152 12 172 0
65 -96 -74 0
89 -152 -65 0
-102 38 107 0
-9 90 2 0
6 7 -17 0
-41 -119 -16 0
-70 -79 109 0
88 47 -124 0
46 51 40 0
53 38 -76 0
164 79 74 0
136 87 143 0
-156 134 104 0
23 52 -94 0
122 -121 65 0
5 63 -93 0
144 167 123 0
-18 -171 -168 0
-1 171 -45 0
-83 13 73 0
166 32 119 0
64 9 15 0
46 64 49 0
32 -11 17 0
-28 -12 -95 0
-156 149 155 0
-122 -120 27 0
14 1 -137 0
-84 -71 158 0
-8 -173 99 0
49 78 -55 0
47 122 56 0
-146 -97 12 0
80 -68 -122 0
149 -1 90 0
153 152 -89 0
144 -51 -36 0
36 95 40 0
99 -107 92 0
137 143 85 0
-63 18 -164 0
-65 19 -43 0
44 -79 -86 0
107 -49 45 0
108 -55 7 0
30 -168 -63 0
11 -33 -131 0
-44 1 78 0
-68 16 -78 0
-152 -146 -51 0
-28 19 -148 0
-28 -47 -149 0
158 -144 107 0
-89 -166 30 0
162 80 39 0
-18 91 46 0
106 33 129 0
-10 173 -21 0
-130 -146 110 0
-52 -124 118 0
-118 -3 -96 0
70 98 -134 0
-76 -11 147 0
-40 80 -175 0
-12 116 85 0
135 -149 72 0
-156 31 -162 0
89 129 -172 0
-89 28 63 0
32 135 -29 0
-36 -102 43 0
27 -152 139 0
33 136 111 0
171 110 -113 0
-132 -58 -123 0
149 -156 79 0
41 3 45 0
-55 115 144 0
16 161 -129 0
31 70 64 0
164 -170 120 0
46 150 58 0
-104 171 35 0
109 -32 71 0
3 -135 -152 0
107 -139 -161 0
-64 14 -107 0
12 165 -158 0
132 18 -31 0
110 -82 95 0
78 -80 34 0
-21 -19 16 0
-114 153 -68 0
-96 155 168 0
85 118 -154 0
-74 -107 -32 0
-109 -15 -6 0
-27 80 -123 0
69 97 -126 0
-134 -132 -76 0
-64 35 96 0
75 44 88 0
-50 -90 -6 0
-37 12 103 0
-58 -14 136 0
-60 -9 -100 0
-61 50 173 0
31 -123 98 0
-14 127 25 0
-2 -109 96 0
-28 -163 78 0
82 28 -102 0
87 32 122 0
22 82 164 0
128 -25 147 0
118 -15 63 0
-73 -49 56 0
-174 40 -87 0
-157 -71 62 0
-8 -69 -109 0
-55 60 111 0
145 -153 126 0
-82 -151 -117 0
148 77 61 0
118 54 70 0
147 88 -71 0
-159 174 -128 0
-12 -105 -80 0
118 -71 -76 0
5 -48 174 0
-86 -71 -119 0
132 136 -146 0
-13 80 100 0
-92 -151 94 0
-113 159 -71 0
143 -144 65 0
60 -81 2 0
-25 -2 150 0
147 11 -158 0
-88 115 120 0
153 -19 -146 0
84 165 -1 0
-155 -45 167 0
-136 140 -96 0
79 -117 -38 0
-25 -78 108 0
-90 29 91 0
92 -73 46 0
50 80 123 0
-21 -41 49 0
-23 -62 -68 0
-172 129 -74 0
27 93 53 0
77 -53 -116 0
-52 -151 -159 0
174 119 -175 0
-50 84 54 0
-103 -44 -148 0
-17 18 -28 0
76 94 134 0
-172 17 174 0
-97 132 169 0
30 -7 -55 0
153 -4 12 0
-163 -36 -147 0
-2 92 -6 0
85 -9 -45 0
-88 13 -131 0
-137 -167 122 0
-26 -160 118 0
-163 -107 129 0
-82 -15 50 0
75 -5 46 0
-149 108 52 0
-2 -107 -33 0
-158 91 70 0
153 -166 -16 0
-61 17 113 0
166 -21 -17 0
-92 117 -28 0
-87 -44 -48 0
-158 -132 122 0
106 -44 -80 0
-127 141 147 0
-64 100 -29 0
-48 -135 -133 0
-52 -99 69 0
-62 27 96 0
94 -21 35 0
152 -53 143 0
94 -17 -150 0
164 -163 -15 0
109 47 137 0
-98 -107 53 0
-1 -148 93 0
-158 -72 78 0
48 -112 -2 0
-172 -102 33 0
165 53 -153 0
83 -11 -122 0
-62 -135 -171 0
-154 140 56 0
-141 -23 -149 0
45 147 -156 0
-170 -96 -2 0
40 -157 114 0
155 100 170 0
83 45 44 0
-160 -88 171 0
132 104 -133 0
-85 -7 50 0
-99 -53 -75 0
-41 2 -139 0
82 132 -158 0
-3 169 -96 0
-71 123 127 0
-26 -167 -132 0
-21 166 -90 0
-147 169 -91 0
121 43 150 0
-161 74 136 0
-16 -45 -20 0
-61 -165 135 0
108 120 39 0
-4 19 -122 0
-165 -45 23 0
-153 -173 86 0
-141 30 45 0
146 -112 138 0
88 -138 -55 0
159 -104 6 0
31 -137 133 0
-168 -136 57 0
62 76 38 0
159 -172 128 0
2 -40 50 0
54 -125 152 0
23 145 43 0
154 123 -82 0
89 3 113 0
-107 22 89 0
-171 -82 -131 0
-56 114 -78 0
105 171 -87 0
128 -99 -108 0
115 71 150 0
-34 48 84 0
-98 -75 -114 0
138 -103 -126 0
155 -68 60 0
40 -72 -94 0
-17 -133 18 0
101 45 -113 0
-170 8 -38 0
-82 -36 44 0
166 162 -74 0
55 -17 131 0
111 42 -123 0
158 75 174 0
172 102 91 0
-43 -59 24 0
113 -23 -42 0
-146 30 -26 0
85 61 6 0
138 -78 128 0
-91 -160 79 0
139 -39 -69 0
164 -77 -19 0
-120 -79 156 0
-152 124 139 0
125 92 -66 0
-75 171 -30 0
-132 165 39 0
71 124 -112 0
113 -51 47 0
157 -103 -141 0
39 -31 -167 0
31 -132 -156 0
102 3 108 0
136 167 57 0
55 -50 -138 0
17 137 -125 0
-175 -61 81 0
140 -56 14 0
-78 54 -60 0
-169 -115 -3 0
-50 -152 -62 0
125 -158 -153 0
42 -103 162 0
123 77 134 0
-136 -28 -134 0
-63 34 70 0
41 158 -36 0
-125 -54 -102 0
-16 56 1 0
-168 -24 64 0
-44 -50 -81 0
167 40 -98 0
-26 -7 -163 0
52 -133 151 0
-88 98 63 0
-24 93 -98 0
-44 22 136 0
75 74 -24 0
-157 -77 98 0
172 42 -126 0
109 -41 -92 0
-128 -14 144 0
-106 -55 -91 0
94 98 -18 0
-44 -53 13 0
169 45 71 0
32 -29 54 0
-17 -47 87 0
48 -94 126 0
35 -154 -59 0
-77 143 -40 0
12 85 144 0
98 102 -131 0
-37 -81 -50 0
169 5 -139 0
47 -128 -80 0
-27 111 -43 0
80 -98 54 0
166 -144 -167 0
-26 125 140 0
102 -48 144 0
139 -160 4 0
133 -59 102 0
-98 -85 -2 0
50 -151 82 0
-31 66 -131 0
67 36 73 0
75 175 110 0
35 108 113 0
169 71 38 0
-159 -116 -68 0
-28 7 1 0
151 -152 41 0
114 12 159 0
-114 -42 -77 0
153 101 102 0
10 -67 -48 0
-52 142 101 0
-145 167 -89 0
134 -156 -2 0
-22 -110 45 0
165 166 -151 0
162 -53 -109 0
165 114 153 0
40 26 -1 0
160 81 68 0
-114 19 38 0
-55 -42 90 0
-149 119 174 0
-147 -61 -91 0
-105 -88 57 0
45 -55 -104 0
120 23 -25 0
-95 -160 -97 0
159 83 -5 0
-49 -160 -19 0
-16 -26 -15 0
-103 53 6 0
105 -7 -2 0
-145 -82 20 0
-81 -30 59 0
59 -151 -66 0
56 -21 -50 0
77 -78 143 0
16 74 -149 0
-111 129 -159 0
-34 111 93 0
-97 -64 33 0
109 -26 83 0
-143 -120 -86 0
70 91 -87 0
-171 118 74 0
-100 -138 -145 0
139 -43 120 0
-58 87 -169 0
101 -97 -64 0
150 145 -90 0
-130 -159 94 0
-18 -79 71 0
12 -8 -101 0
154 -76 50 0
-15 -63 169 0
-61 -65 -35 0
8 -7 55 0
93 -157 -11 0
145 140 -62 0
43 -22 -38 0
-88 -12 38 0
-98 174 34 0
-155 169 -160 0
152 -156 -110 0
13 42 -138 0
23 -165 -101 0
-88 34 -90 0
-124 -166 -159 0
79 -133 -150 0
-129 9 -17 0
-5 -83 84 0
21 55 -110 0
125 55 84 0
-136 -169 53 0
102 174 -44 0
-24 -140 47 0
150 -162 122 0
-10 -112 -66 0
171 -129 95 0
-76 29 -82 0
-82 70 103 0
-20 172 22 0
152 91 -120 0
143 4 -66 0
145 129 21 0
-15 -155 -137 0
-152 -129 156 0
-6 -71 -152 0
-63 -81 164 0
-121 -113 170 0
-33 -4 -48 0
-152 -98 109 0
-19 101 99 0
-154 113 117 0
8 -12 22 0
-69 10 -14 0
97 -155 -56 0
-58 -130 -77 0
-17 104 -65 0
42 78 -142 0
74 -149 -128 0
-46 12 110 0
-78 99 -1 0
-106 95 -54 0
-125 -95 -27 0
-36 -57 -80 0
118 -15 6 0
-98 -19 145 0
-48 -102 144 0
50 -47 -116 0
7 -173 -156 0
82 -104 138 0
-134 78 -97 0
-153 -48 -21 0
142 -22 -163 0
-6 105 -124 0
109 98 38 0
151 144 -96 0
165 -50 -143 0
-127 137 138 0
65 50 166 0
-122 144 -104 0
-3 16 -83 0
-19 77 30 0
103 -39 162 0
-126 42 -80 0
123 -1 -83 0
165 163 138 0
52 -105 127 0
-106 19 77 0
123 -35 -95 0
141 -98 -149 0
-171 139 121 0
-8 -87 136 0
172 99 -70 0
126 -139 -13 0
-18 132 85 0
126 -1 22 0
102 -141 -144 0
114 -95 61 0
-161 -118 41 0
161 -5 -164 0
-129 122 -169 0
-32 120 93 0
136 -120 -112 0
-98 -113 46 0
-169 -96 38 0
-151 -120 -156 0
96 -126 -118 0
-30 -86 68 0
-69 -28 132 0
148 -160 -163 0
45 117 98 0
-23 6 -142 0
-89 48 -2 0
-1 83 -135 0
25 170 110 0
165 49 -18 0
104 97 -109 0
-162 -150 175 0
94 -132 -96 0
-4 -114 -112 0
15 116 166 0
135 131 161 0
20 -12 -21 0
-33 -93 108 0
70 -151 136 0
-124 -103 26 0
-3 -95 9 0
34 8 47 0
-31 60 -139 0
-160 -83 -85 0
31 -38 101 0
-110 -154 -156 0
153 1 152 0
70 86 64 0
143 -34 158 0
-50 9 109 0
37 -175 64 0
-162 -96 32 0
141 14 172 0
105 14 78 0
-159 -116 -65 0
3 -129 130 0
-98 -132 -169 0
40 -61 -127 0
-81 -19 13 0
-39 91 -19 0
58 12 64 0
86 -1 167 0
-16 168 147 0
-141 -108 80 0
57 129 -101 0
11 -115 121 0
-109 -38 -24 0
-12 -132 -144 0
-43 65 105 0
133 -100 149 0
-168 10 -145 0
-137 -18 134 0
-137 -130 -31 0
103 -155 19 0
53 -60 -161 0
57 111 170 0
123 -11 96 0
156 132 -169 0
-140 165 85 0
45 -74 71 0
16 156 -125 0
88 130 9 0
48 18 136 0
147 -168 12 0
-68 22 107 0
-153 67 11 0
-100 -163 147 0
113 44 26 0
-97 -56 46 0
142 -5 -44 0
-103 120 161 0
-131 147 50 0
-111 -18 -90 0
14 -13 -55 0
-82 -88 -171 0
45 87 -84 0
-92 155 102 0
-13 -18 -25 0
-100 167 129 0
-145 133 -162 0
104 -128 58 0
143 75 -62 0
-75 -54 -161 0
-40 80 130 0
67 -29 139 0
24 -98 -174 0
163 -78 -56 0
18 -46 -150 0
-141 9 -35 0
102 -68 -122 0
-112 145 -39 0
-92 38 51 0
69 -105 67 0
173 -73 44 0
125 -94 112 0
%
0

--------------------------------------------------

c This Formular is generated by mcnf
c
c    horn? no 
c    forced? no 
c    mixed sat? no 
c    clause length = 3 
c
p cnf 200  860 
 150 137 -111 0
172 140 93 0
-25 -29 100 0
-5 -194 -129 0
188 117 -161 0
101 167 73 0
8 20 -23 0
182 72 -134 0
109 10 118 0
-144 192 6 0
-41 -158 190 0
195 176 -57 0
123 -57 -176 0
180 46 -191 0
-185 -26 187 0
12 170 -3 0
39 77 146 0
-199 17 77 0
-157 -52 -60 0
-142 -133 168 0
-173 -135 -67 0
145 175 -26 0
-110 69 137 0
1 -199 60 0
-2 87 141 0
-67 -188 -198 0
-83 -106 -108 0
-29 105 45 0
173 -93 87 0
-40 -155 -119 0
43 -190 121 0
174 -6 -189 0
-58 -142 -89 0
190 -79 73 0
108 -151 -179 0
160 173 93 0
-163 188 -21 0
135 126 -76 0
3 18 -61 0
100 1 122 0
181 187 25 0
-88 -31 25 0
-43 -116 19 0
-99 141 -65 0
130 -114 -159 0
-103 173 172 0
-165 134 70 0
-83 85 -167 0
148 101 45 0
-170 189 -174 0
114 142 -139 0
-125 34 -118 0
45 105 44 0
-116 -154 146 0
-21 135 193 0
160 177 174 0
-82 -186 76 0
160 25 2 0
-49 -152 -161 0
-198 -132 -61 0
-23 -85 -100 0
-38 65 -147 0
11 24 -151 0
-20 76 137 0
-106 67 -181 0
-89 79 -191 0
150 113 -38 0
-22 37 -126 0
157 70 28 0
-143 -155 163 0
30 -9 -99 0
193 146 -86 0
133 63 -149 0
11 191 -67 0
135 -28 -70 0
118 -180 -198 0
189 192 -140 0
-187 156 44 0
-132 25 -68 0
-114 198 -180 0
-172 13 -109 0
-164 18 -100 0
-85 78 77 0
5 -144 -115 0
25 55 175 0
134 -10 -83 0
150 142 128 0
171 129 -98 0
138 -62 -54 0
30 -159 51 0
-74 -97 98 0
-67 -89 18 0
-15 -109 192 0
23 -94 109 0
-72 -176 -1 0
-10 54 -59 0
183 77 87 0
63 -87 133 0
101 22 -183 0
51 170 105 0
14 102 -139 0
-71 -191 26 0
-181 -54 -184 0
-2 8 -4 0
112 -68 -71 0
101 133 64 0
187 76 62 0
109 -14 107 0
74 -128 21 0
179 23 104 0
11 -139 -155 0
145 -165 36 0
-60 -86 81 0
-179 -51 135 0
-35 -106 -68 0
-161 165 46 0
-76 -184 -187 0
178 50 48 0
66 -194 76 0
-46 -28 109 0
20 127 28 0
88 118 50 0
36 6 -89 0
-108 -130 98 0
186 176 117 0
-157 -109 10 0
51 -61 -169 0
139 171 2 0
132 -162 -196 0
119 130 -102 0
-118 -180 100 0
-178 -15 135 0
-143 53 39 0
10 12 -54 0
132 -158 -128 0
-25 111 130 0
-197 -15 108 0
200 104 -75 0
-131 58 166 0
-182 195 -164 0
-60 -53 -67 0
-83 -173 118 0
13 -103 182 0
42 71 -86 0
-14 -37 -144 0
-134 -5 -24 0
103 77 172 0
98 -80 -178 0
-108 10 189 0
142 31 81 0
56 -142 31 0
79 45 -102 0
-125 163 49 0
19 -149 25 0
-51 -83 73 0
-157 -23 188 0
180 8 114 0
155 35 -131 0
75 -24 172 0
133 47 -86 0
20 -36 -188 0
-19 -118 160 0
-15 -102 -66 0
92 -32 -165 0
-76 -47 -176 0
-127 -129 -25 0
66 154 80 0
-57 101 128 0
64 138 117 0
158 -77 -133 0
165 113 -147 0
-145 1 189 0
-26 188 142 0
12 -171 -143 0
197 49 130 0
-51 -147 -198 0
74 196 -96 0
69 -70 52 0
28 73 -21 0
-63 -93 43 0
43 -30 24 0
148 33 14 0
152 -144 165 0
-82 187 -140 0
-96 -116 78 0
15 -150 86 0
56 -137 -77 0
-164 -131 96 0
-195 -16 41 0
-118 -13 -10 0
-52 165 66 0
182 -57 -193 0
-11 90 103 0
160 -12 -52 0
-95 64 -181 0
20 110 95 0
-141 28 153 0
104 97 -167 0
43 -162 -196 0
62 -57 5 0
172 180 173 0
-161 -6 -47 0
-191 43 29 0
-142 -91 -191 0
79 45 -10 0
-147 -57 149 0
-139 -83 -20 0
-118 -187 1 0
-177 86 -139 0
-120 -103 167 0
98 133 108 0
61 -191 -112 0
39 93 40 0
-123 -26 -183 0
49 -114 -31 0
168 -73 176 0
-10 -14 -117 0
-78 14 194 0
-133 -173 106 0
17 169 -167 0
-177 -171 -4 0
-188 -200 120 0
60 -63 -54 0
134 112 -77 0
93 43 -164 0
-190 66 -137 0
100 -6 -127 0
-60 170 -173 0
17 -158 64 0
89 -90 133 0
-19 -138 -88 0
83 30 111 0
120 108 191 0
-45 -37 -172 0
-198 18 58 0
153 89 142 0
146 -127 -102 0
78 -54 59 0
83 191 116 0
22 97 -62 0
84 179 20 0
-98 164 -190 0
151 -98 -179 0
88 -48 115 0
-48 123 -109 0
41 -85 -114 0
-124 7 -97 0
38 -157 -14 0
141 53 -26 0
-68 104 49 0
112 -54 134 0
158 -37 50 0
-170 187 -12 0
-162 -143 30 0
-115 65 189 0
-13 -152 -55 0
189 -135 -5 0
-94 -159 -140 0
-82 104 84 0
-196 -6 -145 0
186 -181 -137 0
9 -115 49 0
-167 -46 -196 0
-48 -33 -42 0
-13 -140 -139 0
142 -109 89 0
193 -157 130 0
79 136 127 0
11 89 110 0
-185 -33 -192 0
-31 131 -24 0
134 1 130 0
144 -121 34 0
149 5 -164 0
-111 -42 17 0
17 -195 -136 0
-13 -47 -145 0
41 -53 -107 0
-149 -72 -106 0
-96 -41 -3 0
117 -160 163 0
-196 -13 122 0
128 195 83 0
136 -16 79 0
3 -23 -49 0
-173 -50 -150 0
-10 98 -162 0
162 -166 -111 0
-51 -135 -195 0
-138 -178 145 0
-176 155 128 0
75 100 -127 0
153 192 -130 0
42 87 64 0
-159 -154 -17 0
-181 115 154 0
139 -115 -143 0
-29 -104 165 0
88 -9 -151 0
-4 -57 7 0
-88 -110 159 0
-135 65 -145 0
-28 119 82 0
73 -95 170 0
14 144 -130 0
-25 -137 -36 0
-185 67 50 0
-46 94 183 0
-9 -152 -163 0
-51 188 46 0
-106 31 -32 0
-127 -199 32 0
40 173 190 0
91 108 -20 0
155 -135 -182 0
-95 -21 20 0
-92 88 -32 0
20 -103 132 0
78 16 138 0
91 24 157 0
61 119 92 0
-112 136 141 0
102 78 107 0
64 164 -47 0
-23 152 -139 0
-50 -84 -80 0
-194 75 -60 0
137 -120 195 0
-75 17 -45 0
-37 41 56 0
137 69 -163 0
-140 -3 199 0
-118 -74 137 0
194 -191 -106 0
-143 -149 -163 0
78 60 51 0
-164 15 -64 0
-179 131 -73 0
-4 36 179 0
-32 16 -39 0
177 -91 21 0
-88 94 -111 0
150 -35 55 0
-11 153 134 0
-80 94 23 0
-80 65 127 0
-197 -180 151 0
31 -80 -41 0
-183 -112 142 0
-123 181 -97 0
-181 179 -50 0
-165 -77 121 0
-121 14 130 0
150 -82 143 0
-96 120 -24 0
178 -46 -102 0
169 117 57 0
140 -152 -53 0
100 -62 33 0
-86 49 150 0
-33 18 59 0
-114 -13 -129 0
11 -42 111 0
15 10 85 0
78 137 -86 0
40 79 -145 0
110 126 -2 0
-198 -107 145 0
131 185 -64 0
-53 -110 52 0
65 176 -177 0
-198 184 114 0
103 -19 118 0
-101 58 -72 0
-79 125 -13 0
29 -127 -124 0
-194 -133 181 0
118 34 -21 0
-122 -182 5 0
-97 -25 2 0
-58 -184 -191 0
-178 182 -59 0
-161 7 -24 0
-129 -163 85 0
10 -52 54 0
75 -19 -192 0
190 -176 162 0
38 94 57 0
164 -3 60 0
-78 -146 66 0
-141 30 46 0
113 -84 -20 0
-125 169 -48 0
-78 193 126 0
151 119 -7 0
44 -191 192 0
-133 -35 -170 0
-106 33 69 0
76 91 -90 0
62 -179 49 0
30 -39 91 0
107 61 -48 0
177 119 189 0
143 -148 -92 0
164 10 97 0
112 -108 131 0
15 -35 -119 0
18 -88 -50 0
7 -76 69 0
-17 72 -27 0
-5 -196 -12 0
-194 11 175 0
43 90 -173 0
14 -102 182 0
-100 -16 161 0
31 133 40 0
-181 -61 -48 0
41 -15 -10 0
119 121 6 0
-189 102 -21 0
195 58 -82 0
-71 80 -10 0
38 76 -197 0
-152 -7 24 0
-162 95 -128 0
131 39 -13 0
-161 144 192 0
-151 -100 -102 0
51 99 -197 0
101 -18 198 0
-184 -130 -81 0
-109 102 -98 0
127 -22 60 0
19 -105 -16 0
194 -178 -116 0
6 107 -38 0
111 150 89 0
-138 41 -108 0
186 -29 -18 0
119 -116 -156 0
190 -143 39 0
-19 57 36 0
155 -6 -97 0
-175 -157 135 0
-170 -76 -171 0
57 -99 -51 0
183 144 -52 0
-74 5 125 0
76 41 53 0
66 -3 -86 0
-144 185 94 0
190 63 164 0
160 -155 19 0
181 200 -127 0
-44 -75 163 0
125 54 -74 0
38 37 16 0
15 -38 -51 0
119 -102 -175 0
-4 -178 -59 0
-56 31 23 0
83 86 -107 0
196 -101 -21 0
-21 52 -44 0
179 99 156 0
6 120 -94 0
97 132 -28 0
187 25 -14 0
-150 92 199 0
-171 -65 193 0
188 -107 177 0
23 31 -157 0
-164 20 12 0
-125 -176 173 0
17 139 124 0
67 -52 131 0
69 156 -95 0
11 -169 -148 0
104 -71 -150 0
136 10 -57 0
83 -85 -172 0
-78 196 60 0
101 31 -35 0
-22 157 51 0
-89 169 54 0
65 -110 157 0
141 -1 -81 0
-66 -73 -132 0
-81 -142 -141 0
176 -200 -142 0
102 10 -78 0
143 -187 -1 0
125 -54 -46 0
-41 -34 107 0
155 -141 -18 0
-65 -72 171 0
-142 72 -3 0
-115 20 -44 0
125 117 -31 0
49 -53 -137 0
-28 -14 -178 0
16 98 179 0
8 -155 -94 0
48 39 -86 0
74 -118 -36 0
117 12 -199 0
-2 26 53 0
-55 -52 -48 0
119 150 1 0
-188 -102 24 0
-29 -184 -8 0
-125 19 -15 0
-160 114 -155 0
27 -166 -116 0
19 95 -174 0
51 -34 -128 0
21 -81 140 0
142 146 -115 0
-12 -80 96 0
113 -129 -183 0
-31 22 -23 0
79 -100 60 0
-20 -77 191 0
-65 -184 124 0
48 -24 -163 0
20 139 155 0
21 -176 135 0
-126 -13 -146 0
161 -12 102 0
118 19 -36 0
-13 -69 -84 0
-2 131 -155 0
-4 137 -162 0
-67 14 120 0
182 15 -110 0
162 107 -28 0
-25 76 68 0
129 -15 16 0
-198 -31 -83 0
-8 -181 196 0
-76 160 196 0
-40 30 -145 0
187 138 -170 0
-72 -25 -164 0
-135 150 -144 0
20 143 -102 0
-85 -137 -30 0
-179 -84 155 0
53 136 51 0
142 29 157 0
-91 38 -200 0
191 -167 -42 0
-5 -139 -72 0
47 -172 -119 0
111 -121 -26 0
-166 -83 158 0
-72 -179 -7 0
-101 -4 104 0
155 -9 -195 0
71 17 94 0
-16 50 -167 0
13 -87 -133 0
185 101 135 0
-112 -28 105 0
-80 172 -27 0
58 83 -161 0
-180 68 63 0
-43 -72 162 0
-74 -72 -63 0
189 58 136 0
125 -89 -86 0
-61 92 9 0
-185 47 -167 0
181 97 -198 0
-8 63 35 0
146 2 154 0
-171 148 -158 0
74 -54 8 0
-166 181 128 0
-141 -31 -64 0
-40 -119 143 0
58 120 177 0
-176 173 99 0
-14 -178 -79 0
143 82 -134 0
147 95 -26 0
119 -145 -95 0
141 -136 -165 0
138 133 155 0
119 16 177 0
-159 169 127 0
159 -177 53 0
11 -54 -10 0
188 -105 141 0
-123 193 13 0
-133 183 -172 0
-75 17 143 0
-172 -98 115 0
-168 -136 -192 0
-144 62 -163 0
-200 169 -159 0
156 160 -15 0
159 58 -200 0
-161 -7 82 0
122 58 -83 0
61 -13 -88 0
18 139 134 0
-134 196 -78 0
-80 -30 124 0
182 -103 -95 0
184 47 -120 0
-45 -83 42 0
197 -49 -74 0
-192 61 -173 0
152 4 56 0
153 -52 -89 0
174 -167 -37 0
-94 141 -200 0
110 -7 42 0
35 -72 -67 0
133 -70 -186 0
176 -115 74 0
-163 -22 -159 0
-144 -99 -180 0
-48 -15 172 0
49 39 158 0
141 35 -13 0
-32 -9 -164 0
-164 115 51 0
43 148 -45 0
104 -110 189 0
161 -84 -173 0
-130 -139 77 0
83 -25 -80 0
69 -72 -155 0
188 -43 -94 0
-10 -69 -26 0
-96 97 93 0
1 -100 -27 0
-190 194 -22 0
-50 -65 -196 0
-86 -123 50 0
-66 -200 -113 0
-161 172 -29 0
-138 -42 148 0
-113 -36 90 0
-89 -64 126 0
155 -40 30 0
197 -159 172 0
-180 84 66 0
152 154 87 0
-45 151 -128 0
1 -44 -142 0
30 -107 99 0
26 111 -128 0
144 190 -124 0
96 76 136 0
126 48 -68 0
-6 -107 85 0
149 135 -128 0
-45 170 -155 0
153 -96 -62 0
-113 -44 156 0
158 116 140 0
-60 168 183 0
-152 89 -179 0
-93 10 -74 0
63 -11 -37 0
-51 -149 62 0
39 51 50 0
31 189 182 0
-188 -48 62 0
4 -156 90 0
73 95 -98 0
-101 -136 -29 0
-153 161 -103 0
148 -44 -189 0
-63 190 90 0
188 -83 131 0
64 -46 -151 0
-14 120 -85 0
57 28 -185 0
180 100 -159 0
105 -39 -52 0
51 187 43 0
125 93 130 0
-150 -65 38 0
103 -90 173 0
31 64 -63 0
-80 -150 173 0
131 76 -144 0
-69 -34 -17 0
-180 -70 -17 0
177 161 -39 0
-24 123 87 0
-48 175 -114 0
-143 103 -31 0
-87 -189 -67 0
-79 -118 158 0
-55 -180 -124 0
179 24 -142 0
-90 -158 79 0
-118 -3 76 0
-181 -184 135 0
140 156 71 0
-30 -76 70 0
146 -57 -42 0
-111 94 162 0
-3 -58 -52 0
27 -135 108 0
143 -27 79 0
-98 -143 103 0
98 77 173 0
-127 65 -107 0
130 -29 37 0
-40 69 61 0
164 -179 -1 0
-145 15 -43 0
166 -200 -171 0
175 -106 -1 0
-46 182 194 0
-164 -64 -53 0
-131 -74 184 0
79 156 58 0
22 2 140 0
-148 -58 -64 0
15 127 -26 0
37 -22 28 0
-78 -74 -173 0
-169 -145 1 0
191 114 70 0
16 -70 160 0
197 -173 72 0
42 71 141 0
14 175 -9 0
27 -74 -90 0
130 -143 -14 0
140 181 -123 0
79 47 -187 0
83 75 167 0
-67 116 124 0
-101 142 -194 0
-64 -170 -159 0
102 59 10 0
80 161 145 0
96 119 -149 0
70 176 -101 0
-41 -153 101 0
-162 -41 140 0
-43 9 178 0
-20 -152 148 0
128 -40 198 0
160 -142 -40 0
142 102 -20 0
99 -116 158 0
105 123 -164 0
75 18 173 0
-158 7 -16 0
-176 8 -58 0
-144 187 -47 0
113 168 -72 0
-11 -95 179 0
57 -124 32 0
28 97 -105 0
17 -35 180 0
12 -48 10 0
44 -134 124 0
48 174 -13 0
177 -74 -31 0
74 176 156 0
-95 -50 138 0
133 -176 -195 0
-145 -46 -85 0
-92 -102 -5 0
-43 -56 -139 0
89 -3 -26 0
87 39 -132 0
192 -39 175 0
6 87 -200 0
-174 52 -38 0
-88 -139 149 0
70 -50 -92 0
-131 -122 24 0
-4 -106 -14 0
166 -24 -99 0
-154 -117 -99 0
168 63 169 0
19 73 4 0
19 -198 -11 0
-19 78 -20 0
102 -48 105 0
-168 132 -139 0
35 48 -60 0
45 -82 148 0
52 132 137 0
-59 -150 78 0
-40 118 174 0
166 -89 -50 0
-176 172 -194 0
-182 -79 38 0
149 -8 -35 0
68 -11 -102 0
43 -155 -44 0
-5 154 -141 0
-104 -59 -46 0
27 -126 -3 0
-45 19 -184 0
-101 -102 -127 0
113 -198 -60 0
22 100 -195 0
63 -68 97 0
38 -173 -66 0
-194 -20 26 0
25 -76 18 0
20 151 -113 0
185 -81 -21 0
-128 183 122 0
-117 -197 60 0
-162 142 98 0
-192 45 -178 0
57 -44 76 0
-26 52 3 0
188 -162 -2 0
-69 66 59 0
-192 -35 -129 0
165 195 -30 0
60 98 6 0
67 32 -12 0
187 -147 181 0
130 104 -60 0
45 38 193 0
29 -137 162 0
85 -66 -39 0
-12 -121 -63 0
17 -96 -79 0
73 199 189 0
130 -102 3 0
-98 -21 67 0
-53 -129 122 0
-90 137 -185 0
-119 -85 138 0
-174 -80 113 0
177 -70 44 0
-58 114 167 0
61 -171 -39 0
147 68 -115 0
28 98 38 0
180 -138 -156 0
67 -200 55 0
-88 32 60 0
103 7 -109 0
-142 89 24 0
66 70 -29 0
163 -160 -171 0
-106 80 174 0
-7 -109 -41 0
42 68 190 0
-156 -113 151 0
-156 -96 -3 0
68 -18 75 0
%
0